0 57
1 57
2 57
3 57
4 57
5 57
6 57
7 57
8 57
9 57
10 57
11 57
12 57
13 57
14 57
15 57
16 57
17 57
18 57
19 57
20 57
21 57
22 57
23 57
24 57
25 57
26 57
27 57
28 57
29 57
30 57
31 57
32 57
33 57
34 57
35 57
36 57
37 57
38 57
39 57
40 57
41 57
42 57
43 57
44 57
45 57
46 57
47 57
48 57
49 57
50 57
51 57
52 57
53 57
54 57
55 57
56 57
57 57
58 57
59 57
60 57
61 57
62 57
63 57
64 57
65 57
66 57
67 57
68 57
69 57
70 57
71 57
72 57
73 57
74 57
75 57
76 57
77 57
78 57
79 57
80 57
81 57
82 57
83 57
84 57
85 57
86 57
87 57
88 57
89 57
90 57
91 57
92 57
93 57
94 57
95 57
96 57
97 57
98 57
99 57
100 300
101 300
102 300
103 300
104 300
105 300
106 300
107 300
108 300
109 300
110 300
111 300
112 300
113 300
114 300
115 300
116 300
117 300
118 300
119 300
120 300
121 300
122 300
123 300
124 300
125 300
126 300
127 300
128 300
129 300
130 300
131 300
132 300
133 300
134 300
135 300
136 300
137 300
138 300
139 300
140 300
141 300
142 300
143 300
144 300
145 300
146 300
147 300
148 300
149 300
150 300
151 300
152 300
153 300
154 300
155 300
156 300
157 300
158 300
159 300
160 300
161 300
162 300
163 300
164 300
165 300
166 300
167 300
168 300
169 300
170 300
171 300
172 300
173 300
174 300
175 300
176 300
177 300
178 300
179 300
180 300
181 300
182 300
183 300
184 300
185 300
186 300
187 300
188 300
189 300
190 300
191 300
192 300
193 300
194 300
195 300
196 300
197 300
198 300
199 300
200 282
201 282
202 282
203 282
204 282
205 282
206 282
207 282
208 282
209 282
210 282
211 282
212 282
213 282
214 282
215 282
216 282
217 282
218 282
219 282
220 282
221 282
222 282
223 282
224 282
225 282
226 282
227 282
228 282
229 282
230 282
231 282
232 282
233 282
234 282
235 282
236 282
237 282
238 282
239 282
240 282
241 282
242 282
243 282
244 282
245 282
246 282
247 282
248 282
249 282
250 282
251 282
252 282
253 282
254 282
255 282
256 282
257 282
258 282
259 282
260 282
261 282
262 282
263 282
264 282
265 282
266 282
267 282
268 282
269 282
270 282
271 282
272 282
273 282
274 282
275 282
276 282
277 282
278 282
279 282
280 282
281 282
282 282
283 282
284 282
285 282
286 282
287 282
288 282
289 282
290 282
291 282
292 282
293 282
294 282
295 282
296 282
297 282
298 282
299 282
300 300
301 300
302 300
303 300
304 300
305 300
306 300
307 300
308 300
309 300
310 300
311 300
312 300
313 300
314 300
315 300
316 300
317 300
318 300
319 300
320 300
321 300
322 300
323 300
324 300
325 300
326 300
327 300
328 300
329 300
330 300
331 300
332 300
333 300
334 300
335 300
336 300
337 300
338 300
339 300
340 300
341 300
342 300
343 300
344 300
345 300
346 300
347 300
348 300
349 300
350 300
351 300
352 300
353 300
354 300
355 300
356 300
357 300
358 300
359 300
360 300
361 300
362 300
363 300
364 300
365 300
366 300
367 300
368 300
369 300
370 300
371 300
372 300
373 300
374 300
375 300
376 300
377 300
378 300
379 300
380 300
381 300
382 300
383 300
384 300
385 300
386 300
387 300
388 300
389 300
390 300
391 300
392 300
393 300
394 300
395 300
396 300
397 300
398 300
399 300
