0 2285
1 2285
2 2285
3 2285
4 2285
5 2285
6 2285
7 2285
8 2285
9 2285
10 2285
11 2285
12 2285
13 2285
14 2285
15 2285
16 2285
17 2285
18 2285
19 2285
20 2285
21 2285
22 2285
23 2285
24 2285
25 2285
26 2285
27 2285
28 2285
29 2285
30 2285
31 2285
32 2285
33 2285
34 2285
35 2285
36 2285
37 2285
38 2285
39 2285
40 2285
41 2285
42 2285
43 2285
44 2285
45 2285
46 2285
47 2285
48 2285
49 2285
50 2285
51 2285
52 2285
53 2285
54 2285
55 2285
56 2285
57 2285
58 2285
59 2285
60 2285
61 2285
62 2285
63 2285
64 2285
65 2285
66 2285
67 2285
68 2285
69 2285
70 2285
71 2285
72 2285
73 2285
74 2285
75 2285
76 2285
77 2285
78 2285
79 2285
80 2285
81 2285
82 2285
83 2285
84 2285
85 2285
86 2285
87 2285
88 2285
89 2285
90 2285
91 2285
92 2285
93 2285
94 2285
95 2285
96 2285
97 2285
98 2285
99 2285
100 2285
101 2285
102 2285
103 2285
104 2285
105 2285
106 2285
107 2285
108 2285
109 2285
110 2285
111 2285
112 2285
113 2285
114 2285
115 2285
116 2285
117 2285
118 2285
119 2285
120 2285
121 2285
122 2285
123 2285
124 2285
125 2285
126 2285
127 2285
128 2285
129 2285
130 2285
131 2285
132 2285
133 2285
134 2285
135 2285
136 2285
137 2285
138 2285
139 2285
140 2285
141 2285
142 2285
143 2285
144 2285
145 2285
146 2285
147 2285
148 2285
149 2285
150 2285
151 2285
152 2285
153 2285
154 2285
155 2285
156 2285
157 2285
158 2285
159 2285
160 2285
161 2285
162 2285
163 2285
164 2285
165 2285
166 2285
167 2285
168 2285
169 2285
170 2285
171 2285
172 2285
173 2285
174 2285
175 2285
176 2285
177 2285
178 2285
179 2285
180 2285
181 2285
182 2285
183 2285
184 2285
185 2285
186 2285
187 2285
188 2285
189 2285
190 2285
191 2285
192 2285
193 2285
194 2285
195 2285
196 2285
197 2285
198 2285
199 2285
200 2285
201 2285
202 2285
203 2285
204 2285
205 2285
206 2285
207 2285
208 2285
209 2285
210 2285
211 2285
212 2285
213 2285
214 2285
215 2285
216 2285
217 2285
218 2285
219 2285
220 2285
221 2285
222 2285
223 2285
224 2285
225 2285
226 2285
227 2285
228 2285
229 2285
230 2285
231 2285
232 2285
233 2285
234 2285
235 2285
236 2285
237 2285
238 2285
239 2285
240 2285
241 2285
242 2285
243 2285
244 2285
245 2285
246 2285
247 2285
248 2285
249 2285
250 2285
251 2285
252 2285
253 2285
254 2285
255 2285
256 2285
257 2285
258 2285
259 2285
260 2285
261 2285
262 2285
263 2285
264 2285
265 2285
266 2285
267 2285
268 2285
269 2285
270 2285
271 2285
272 2285
273 2285
274 2285
275 2285
276 2285
277 2285
278 2285
279 2285
280 2285
281 2285
282 2285
283 2285
284 2285
285 2285
286 2285
287 2285
288 2285
289 2285
290 2285
291 2285
292 2285
293 2285
294 2285
295 2285
296 2285
297 2285
298 2285
299 2285
300 2285
301 2285
302 2285
303 2285
304 2285
305 2285
306 2285
307 2285
308 2285
309 2285
310 2285
311 2285
312 2285
313 2285
314 2285
315 2285
316 2285
317 2285
318 2285
319 2285
320 2285
321 2285
322 2285
323 2285
324 2285
325 2285
326 2285
327 2285
328 2285
329 2285
330 2285
331 2285
332 2285
333 2285
334 2285
335 2285
336 2285
337 2285
338 2285
339 2285
340 2285
341 2285
342 2285
343 2285
344 2285
345 2285
346 2285
347 2285
348 2285
349 2285
350 2285
351 2285
352 2285
353 2285
354 2285
355 2285
356 2285
357 2285
358 2285
359 2285
360 2285
361 2285
362 2285
363 2285
364 2285
365 2285
366 2285
367 2285
368 2285
369 2285
370 2285
371 2285
372 2285
373 2285
374 2285
375 2285
376 2285
377 2285
378 2285
379 2285
380 2285
381 2285
382 2285
383 2285
384 2285
385 2285
386 2285
387 2285
388 2285
389 2285
390 2285
391 2285
392 2285
393 2285
394 2285
395 2285
396 2285
397 2285
398 2285
399 2285
400 2285
401 2285
402 2285
403 2285
404 2285
405 2285
406 2285
407 2285
408 2285
409 2285
410 2285
411 2285
412 2285
413 2285
414 2285
415 2285
416 2285
417 2285
418 2285
419 2285
420 2285
421 2285
422 2285
423 2285
424 2285
425 2285
426 2285
427 2285
428 2285
429 2285
430 2285
431 2285
432 2285
433 2285
434 2285
435 2285
436 2285
437 2285
438 2285
439 2285
440 2285
441 2285
442 2285
443 2285
444 2285
445 2285
446 2285
447 2285
448 2285
449 2285
450 2285
451 2285
452 2285
453 2285
454 2285
455 2285
456 2285
457 2285
458 2285
459 2285
460 2285
461 2285
462 2285
463 2285
464 2285
465 2285
466 2285
467 2285
468 2285
469 2285
470 2285
471 2285
472 2285
473 2285
474 2285
475 2285
476 2285
477 2285
478 2285
479 2285
480 2285
481 2285
482 2285
483 2285
484 2285
485 2285
486 2285
487 2285
488 2285
489 2285
490 2285
491 2285
492 2285
493 2285
494 2285
495 2285
496 2285
497 2285
498 2285
499 2285
500 2285
501 2285
502 2285
503 2285
504 2285
505 2285
506 2285
507 2285
508 2285
509 2285
510 2285
511 2285
512 2285
513 2285
514 2285
515 2285
516 2285
517 2285
518 2285
519 2285
520 2285
521 2285
522 2285
523 2285
524 2285
525 2285
526 2285
527 2285
528 2285
529 2285
530 2285
531 2285
532 2285
533 2285
534 2285
535 2285
536 2285
537 2285
538 2285
539 2285
540 2285
541 2285
542 2285
543 2285
544 2285
545 2285
546 2285
547 2285
548 2285
549 2285
550 2285
551 2285
552 2285
553 2285
554 2285
555 2285
556 2285
557 2285
558 2285
559 2285
560 2285
561 2285
562 2285
563 2285
564 2285
565 2285
566 2285
567 2285
568 2285
569 2285
570 2285
571 2285
572 2285
573 2285
574 2285
575 2285
576 2285
577 2285
578 2285
579 2285
580 2285
581 2285
582 2285
583 2285
584 2285
585 2285
586 2285
587 2285
588 2285
589 2285
590 2285
591 2285
592 2285
593 2285
594 2285
595 2285
596 2285
597 2285
598 2285
599 2285
600 2285
601 2285
602 2285
603 2285
604 2285
605 2285
606 2285
607 2285
608 2285
609 2285
610 2285
611 2285
612 2285
613 2285
614 2285
615 2285
616 2285
617 2285
618 2285
619 2285
620 2285
621 2285
622 2285
623 2285
624 2285
625 2285
626 2285
627 2285
628 2285
629 2285
630 2285
631 2285
632 2285
633 2285
634 2285
635 2285
636 2285
637 2285
638 2285
639 2285
640 2285
641 2285
642 2285
643 2285
644 2285
645 2285
646 2285
647 2285
648 2285
649 2285
650 2285
651 2285
652 2285
653 2285
654 2285
655 2285
656 2285
657 2285
658 2285
659 2285
660 2285
661 2285
662 2285
663 2285
664 2285
665 2285
666 2285
667 2285
668 2285
669 2285
670 2285
671 2285
672 2285
673 2285
674 2285
675 2285
676 2285
677 2285
678 2285
679 2285
680 2285
681 2285
682 2285
683 2285
684 2285
685 2285
686 2285
687 2285
688 2285
689 2285
690 2285
691 2285
692 2285
693 2285
694 2285
695 2285
696 2285
697 2285
698 2285
699 2285
700 2285
701 2285
702 2285
703 2285
704 2285
705 2285
706 2285
707 2285
708 2285
709 2285
710 2285
711 2285
712 2285
713 2285
714 2285
715 2285
716 2285
717 2285
718 2285
719 2285
720 2285
721 2285
722 2285
723 2285
724 2285
725 2285
726 2285
727 2285
728 2285
729 2285
730 2285
731 2285
732 2285
733 2285
734 2285
735 2285
736 2285
737 2285
738 2285
739 2285
740 2285
741 2285
742 2285
743 2285
744 2285
745 2285
746 2285
747 2285
748 2285
749 2285
750 2285
751 2285
752 2285
753 2285
754 2285
755 2285
756 2285
757 2285
758 2285
759 2285
760 2285
761 2285
762 2285
763 2285
764 2285
765 2285
766 2285
767 2285
768 2285
769 2285
770 2285
771 2285
772 2285
773 2285
774 2285
775 2285
776 2285
777 2285
778 2285
779 2285
780 2285
781 2285
782 2285
783 2285
784 2285
785 2285
786 2285
787 2285
788 2285
789 2285
790 2285
791 2285
792 2285
793 2285
794 2285
795 2285
796 2285
797 2285
798 2285
799 2285
800 2285
801 2285
802 2285
803 2285
804 2285
805 2285
806 2285
807 2285
808 2285
809 2285
810 2285
811 2285
812 2285
813 2285
814 2285
815 2285
816 2285
817 2285
818 2285
819 2285
820 2285
821 2285
822 2285
823 2285
824 2285
825 2285
826 2285
827 2285
828 2285
829 2285
830 2285
831 2285
832 2285
833 2285
834 2285
835 2285
836 2285
837 2285
838 2285
839 2285
840 2285
841 2285
842 2285
843 2285
844 2285
845 2285
846 2285
847 2285
848 2285
849 2285
850 2285
851 2285
852 2285
853 2285
854 2285
855 2285
856 2285
857 2285
858 2285
859 2285
860 2285
861 2285
862 2285
863 2285
864 2285
865 2285
866 2285
867 2285
868 2285
869 2285
870 2285
871 2285
872 2285
873 2285
874 2285
875 2285
876 2285
877 2285
878 2285
879 2285
880 2285
881 2285
882 2285
883 2285
884 2285
885 2285
886 2285
887 2285
888 2285
889 2285
890 2285
891 2285
892 2285
893 2285
894 2285
895 2285
896 2285
897 2285
898 2285
899 2285
900 2285
901 2285
902 2285
903 2285
904 2285
905 2285
906 2285
907 2285
908 2285
909 2285
910 2285
911 2285
912 2285
913 2285
914 2285
915 2285
916 2285
917 2285
918 2285
919 2285
920 2285
921 2285
922 2285
923 2285
924 2285
925 2285
926 2285
927 2285
928 2285
929 2285
930 2285
931 2285
932 2285
933 2285
934 2285
935 2285
936 2285
937 2285
938 2285
939 2285
940 2285
941 2285
942 2285
943 2285
944 2285
945 2285
946 2285
947 2285
948 2285
949 2285
950 2285
951 2285
952 2285
953 2285
954 2285
955 2285
956 2285
957 2285
958 2285
959 2285
960 2285
961 2285
962 2285
963 2285
964 2285
965 2285
966 2285
967 2285
968 2285
969 2285
970 2285
971 2285
972 2285
973 2285
974 2285
975 2285
976 2285
977 2285
978 2285
979 2285
980 2285
981 2285
982 2285
983 2285
984 2285
985 2285
986 2285
987 2285
988 2285
989 2285
990 2285
991 2285
992 2285
993 2285
994 2285
995 2285
996 2285
997 2285
998 2285
999 2285
1000 1146
1001 1146
1002 1146
1003 1146
1004 1146
1005 1146
1006 1146
1007 1146
1008 1146
1009 1146
1010 1146
1011 1146
1012 1146
1013 1146
1014 1146
1015 1146
1016 1146
1017 1146
1018 1146
1019 1146
1020 1146
1021 1146
1022 1146
1023 1146
1024 1146
1025 1146
1026 1146
1027 1146
1028 1146
1029 1146
1030 1146
1031 1146
1032 1146
1033 1146
1034 1146
1035 1146
1036 1146
1037 1146
1038 1146
1039 1146
1040 1146
1041 1146
1042 1146
1043 1146
1044 1146
1045 1146
1046 1146
1047 1146
1048 1146
1049 1146
1050 1146
1051 1146
1052 1146
1053 1146
1054 1146
1055 1146
1056 1146
1057 1146
1058 1146
1059 1146
1060 1146
1061 1146
1062 1146
1063 1146
1064 1146
1065 1146
1066 1146
1067 1146
1068 1146
1069 1146
1070 1146
1071 1146
1072 1146
1073 1146
1074 1146
1075 1146
1076 1146
1077 1146
1078 1146
1079 1146
1080 1146
1081 1146
1082 1146
1083 1146
1084 1146
1085 1146
1086 1146
1087 1146
1088 1146
1089 1146
1090 1146
1091 1146
1092 1146
1093 1146
1094 1146
1095 1146
1096 1146
1097 1146
1098 1146
1099 1146
1100 1146
1101 1146
1102 1146
1103 1146
1104 1146
1105 1146
1106 1146
1107 1146
1108 1146
1109 1146
1110 1146
1111 1146
1112 1146
1113 1146
1114 1146
1115 1146
1116 1146
1117 1146
1118 1146
1119 1146
1120 1146
1121 1146
1122 1146
1123 1146
1124 1146
1125 1146
1126 1146
1127 1146
1128 1146
1129 1146
1130 1146
1131 1146
1132 1146
1133 1146
1134 1146
1135 1146
1136 1146
1137 1146
1138 1146
1139 1146
1140 1146
1141 1146
1142 1146
1143 1146
1144 1146
1145 1146
1146 1146
1147 1146
1148 1146
1149 1146
1150 1146
1151 1146
1152 1146
1153 1146
1154 1146
1155 1146
1156 1146
1157 1146
1158 1146
1159 1146
1160 1146
1161 1146
1162 1146
1163 1146
1164 1146
1165 1146
1166 1146
1167 1146
1168 1146
1169 1146
1170 1146
1171 1146
1172 1146
1173 1146
1174 1146
1175 1146
1176 1146
1177 1146
1178 1146
1179 1146
1180 1146
1181 1146
1182 1146
1183 1146
1184 1146
1185 1146
1186 1146
1187 1146
1188 1146
1189 1146
1190 1146
1191 1146
1192 1146
1193 1146
1194 1146
1195 1146
1196 1146
1197 1146
1198 1146
1199 1146
1200 1146
1201 1146
1202 1146
1203 1146
1204 1146
1205 1146
1206 1146
1207 1146
1208 1146
1209 1146
1210 1146
1211 1146
1212 1146
1213 1146
1214 1146
1215 1146
1216 1146
1217 1146
1218 1146
1219 1146
1220 1146
1221 1146
1222 1146
1223 1146
1224 1146
1225 1146
1226 1146
1227 1146
1228 1146
1229 1146
1230 1146
1231 1146
1232 1146
1233 1146
1234 1146
1235 1146
1236 1146
1237 1146
1238 1146
1239 1146
1240 1146
1241 1146
1242 1146
1243 1146
1244 1146
1245 1146
1246 1146
1247 1146
1248 1146
1249 1146
1250 1146
1251 1146
1252 1146
1253 1146
1254 1146
1255 1146
1256 1146
1257 1146
1258 1146
1259 1146
1260 1146
1261 1146
1262 1146
1263 1146
1264 1146
1265 1146
1266 1146
1267 1146
1268 1146
1269 1146
1270 1146
1271 1146
1272 1146
1273 1146
1274 1146
1275 1146
1276 1146
1277 1146
1278 1146
1279 1146
1280 1146
1281 1146
1282 1146
1283 1146
1284 1146
1285 1146
1286 1146
1287 1146
1288 1146
1289 1146
1290 1146
1291 1146
1292 1146
1293 1146
1294 1146
1295 1146
1296 1146
1297 1146
1298 1146
1299 1146
1300 1146
1301 1146
1302 1146
1303 1146
1304 1146
1305 1146
1306 1146
1307 1146
1308 1146
1309 1146
1310 1146
1311 1146
1312 1146
1313 1146
1314 1146
1315 1146
1316 1146
1317 1146
1318 1146
1319 1146
1320 1146
1321 1146
1322 1146
1323 1146
1324 1146
1325 1146
1326 1146
1327 1146
1328 1146
1329 1146
1330 1146
1331 1146
1332 1146
1333 1146
1334 1146
1335 1146
1336 1146
1337 1146
1338 1146
1339 1146
1340 1146
1341 1146
1342 1146
1343 1146
1344 1146
1345 1146
1346 1146
1347 1146
1348 1146
1349 1146
1350 1146
1351 1146
1352 1146
1353 1146
1354 1146
1355 1146
1356 1146
1357 1146
1358 1146
1359 1146
1360 1146
1361 1146
1362 1146
1363 1146
1364 1146
1365 1146
1366 1146
1367 1146
1368 1146
1369 1146
1370 1146
1371 1146
1372 1146
1373 1146
1374 1146
1375 1146
1376 1146
1377 1146
1378 1146
1379 1146
1380 1146
1381 1146
1382 1146
1383 1146
1384 1146
1385 1146
1386 1146
1387 1146
1388 1146
1389 1146
1390 1146
1391 1146
1392 1146
1393 1146
1394 1146
1395 1146
1396 1146
1397 1146
1398 1146
1399 1146
1400 1146
1401 1146
1402 1146
1403 1146
1404 1146
1405 1146
1406 1146
1407 1146
1408 1146
1409 1146
1410 1146
1411 1146
1412 1146
1413 1146
1414 1146
1415 1146
1416 1146
1417 1146
1418 1146
1419 1146
1420 1146
1421 1146
1422 1146
1423 1146
1424 1146
1425 1146
1426 1146
1427 1146
1428 1146
1429 1146
1430 1146
1431 1146
1432 1146
1433 1146
1434 1146
1435 1146
1436 1146
1437 1146
1438 1146
1439 1146
1440 1146
1441 1146
1442 1146
1443 1146
1444 1146
1445 1146
1446 1146
1447 1146
1448 1146
1449 1146
1450 1146
1451 1146
1452 1146
1453 1146
1454 1146
1455 1146
1456 1146
1457 1146
1458 1146
1459 1146
1460 1146
1461 1146
1462 1146
1463 1146
1464 1146
1465 1146
1466 1146
1467 1146
1468 1146
1469 1146
1470 1146
1471 1146
1472 1146
1473 1146
1474 1146
1475 1146
1476 1146
1477 1146
1478 1146
1479 1146
1480 1146
1481 1146
1482 1146
1483 1146
1484 1146
1485 1146
1486 1146
1487 1146
1488 1146
1489 1146
1490 1146
1491 1146
1492 1146
1493 1146
1494 1146
1495 1146
1496 1146
1497 1146
1498 1146
1499 1146
1500 1146
1501 1146
1502 1146
1503 1146
1504 1146
1505 1146
1506 1146
1507 1146
1508 1146
1509 1146
1510 1146
1511 1146
1512 1146
1513 1146
1514 1146
1515 1146
1516 1146
1517 1146
1518 1146
1519 1146
1520 1146
1521 1146
1522 1146
1523 1146
1524 1146
1525 1146
1526 1146
1527 1146
1528 1146
1529 1146
1530 1146
1531 1146
1532 1146
1533 1146
1534 1146
1535 1146
1536 1146
1537 1146
1538 1146
1539 1146
1540 1146
1541 1146
1542 1146
1543 1146
1544 1146
1545 1146
1546 1146
1547 1146
1548 1146
1549 1146
1550 1146
1551 1146
1552 1146
1553 1146
1554 1146
1555 1146
1556 1146
1557 1146
1558 1146
1559 1146
1560 1146
1561 1146
1562 1146
1563 1146
1564 1146
1565 1146
1566 1146
1567 1146
1568 1146
1569 1146
1570 1146
1571 1146
1572 1146
1573 1146
1574 1146
1575 1146
1576 1146
1577 1146
1578 1146
1579 1146
1580 1146
1581 1146
1582 1146
1583 1146
1584 1146
1585 1146
1586 1146
1587 1146
1588 1146
1589 1146
1590 1146
1591 1146
1592 1146
1593 1146
1594 1146
1595 1146
1596 1146
1597 1146
1598 1146
1599 1146
1600 1146
1601 1146
1602 1146
1603 1146
1604 1146
1605 1146
1606 1146
1607 1146
1608 1146
1609 1146
1610 1146
1611 1146
1612 1146
1613 1146
1614 1146
1615 1146
1616 1146
1617 1146
1618 1146
1619 1146
1620 1146
1621 1146
1622 1146
1623 1146
1624 1146
1625 1146
1626 1146
1627 1146
1628 1146
1629 1146
1630 1146
1631 1146
1632 1146
1633 1146
1634 1146
1635 1146
1636 1146
1637 1146
1638 1146
1639 1146
1640 1146
1641 1146
1642 1146
1643 1146
1644 1146
1645 1146
1646 1146
1647 1146
1648 1146
1649 1146
1650 1146
1651 1146
1652 1146
1653 1146
1654 1146
1655 1146
1656 1146
1657 1146
1658 1146
1659 1146
1660 1146
1661 1146
1662 1146
1663 1146
1664 1146
1665 1146
1666 1146
1667 1146
1668 1146
1669 1146
1670 1146
1671 1146
1672 1146
1673 1146
1674 1146
1675 1146
1676 1146
1677 1146
1678 1146
1679 1146
1680 1146
1681 1146
1682 1146
1683 1146
1684 1146
1685 1146
1686 1146
1687 1146
1688 1146
1689 1146
1690 1146
1691 1146
1692 1146
1693 1146
1694 1146
1695 1146
1696 1146
1697 1146
1698 1146
1699 1146
1700 1146
1701 1146
1702 1146
1703 1146
1704 1146
1705 1146
1706 1146
1707 1146
1708 1146
1709 1146
1710 1146
1711 1146
1712 1146
1713 1146
1714 1146
1715 1146
1716 1146
1717 1146
1718 1146
1719 1146
1720 1146
1721 1146
1722 1146
1723 1146
1724 1146
1725 1146
1726 1146
1727 1146
1728 1146
1729 1146
1730 1146
1731 1146
1732 1146
1733 1146
1734 1146
1735 1146
1736 1146
1737 1146
1738 1146
1739 1146
1740 1146
1741 1146
1742 1146
1743 1146
1744 1146
1745 1146
1746 1146
1747 1146
1748 1146
1749 1146
1750 1146
1751 1146
1752 1146
1753 1146
1754 1146
1755 1146
1756 1146
1757 1146
1758 1146
1759 1146
1760 1146
1761 1146
1762 1146
1763 1146
1764 1146
1765 1146
1766 1146
1767 1146
1768 1146
1769 1146
1770 1146
1771 1146
1772 1146
1773 1146
1774 1146
1775 1146
1776 1146
1777 1146
1778 1146
1779 1146
1780 1146
1781 1146
1782 1146
1783 1146
1784 1146
1785 1146
1786 1146
1787 1146
1788 1146
1789 1146
1790 1146
1791 1146
1792 1146
1793 1146
1794 1146
1795 1146
1796 1146
1797 1146
1798 1146
1799 1146
1800 1146
1801 1146
1802 1146
1803 1146
1804 1146
1805 1146
1806 1146
1807 1146
1808 1146
1809 1146
1810 1146
1811 1146
1812 1146
1813 1146
1814 1146
1815 1146
1816 1146
1817 1146
1818 1146
1819 1146
1820 1146
1821 1146
1822 1146
1823 1146
1824 1146
1825 1146
1826 1146
1827 1146
1828 1146
1829 1146
1830 1146
1831 1146
1832 1146
1833 1146
1834 1146
1835 1146
1836 1146
1837 1146
1838 1146
1839 1146
1840 1146
1841 1146
1842 1146
1843 1146
1844 1146
1845 1146
1846 1146
1847 1146
1848 1146
1849 1146
1850 1146
1851 1146
1852 1146
1853 1146
1854 1146
1855 1146
1856 1146
1857 1146
1858 1146
1859 1146
1860 1146
1861 1146
1862 1146
1863 1146
1864 1146
1865 1146
1866 1146
1867 1146
1868 1146
1869 1146
1870 1146
1871 1146
1872 1146
1873 1146
1874 1146
1875 1146
1876 1146
1877 1146
1878 1146
1879 1146
1880 1146
1881 1146
1882 1146
1883 1146
1884 1146
1885 1146
1886 1146
1887 1146
1888 1146
1889 1146
1890 1146
1891 1146
1892 1146
1893 1146
1894 1146
1895 1146
1896 1146
1897 1146
1898 1146
1899 1146
1900 1146
1901 1146
1902 1146
1903 1146
1904 1146
1905 1146
1906 1146
1907 1146
1908 1146
1909 1146
1910 1146
1911 1146
1912 1146
1913 1146
1914 1146
1915 1146
1916 1146
1917 1146
1918 1146
1919 1146
1920 1146
1921 1146
1922 1146
1923 1146
1924 1146
1925 1146
1926 1146
1927 1146
1928 1146
1929 1146
1930 1146
1931 1146
1932 1146
1933 1146
1934 1146
1935 1146
1936 1146
1937 1146
1938 1146
1939 1146
1940 1146
1941 1146
1942 1146
1943 1146
1944 1146
1945 1146
1946 1146
1947 1146
1948 1146
1949 1146
1950 1146
1951 1146
1952 1146
1953 1146
1954 1146
1955 1146
1956 1146
1957 1146
1958 1146
1959 1146
1960 1146
1961 1146
1962 1146
1963 1146
1964 1146
1965 1146
1966 1146
1967 1146
1968 1146
1969 1146
1970 1146
1971 1146
1972 1146
1973 1146
1974 1146
1975 1146
1976 1146
1977 1146
1978 1146
1979 1146
1980 1146
1981 1146
1982 1146
1983 1146
1984 1146
1985 1146
1986 1146
1987 1146
1988 1146
1989 1146
1990 1146
1991 1146
1992 1146
1993 1146
1994 1146
1995 1146
1996 1146
1997 1146
1998 1146
1999 1146
2000 2285
2001 2285
2002 2285
2003 2285
2004 2285
2005 2285
2006 2285
2007 2285
2008 2285
2009 2285
2010 2285
2011 2285
2012 2285
2013 2285
2014 2285
2015 2285
2016 2285
2017 2285
2018 2285
2019 2285
2020 2285
2021 2285
2022 2285
2023 2285
2024 2285
2025 2285
2026 2285
2027 2285
2028 2285
2029 2285
2030 2285
2031 2285
2032 2285
2033 2285
2034 2285
2035 2285
2036 2285
2037 2285
2038 2285
2039 2285
2040 2285
2041 2285
2042 2285
2043 2285
2044 2285
2045 2285
2046 2285
2047 2285
2048 2285
2049 2285
2050 2285
2051 2285
2052 2285
2053 2285
2054 2285
2055 2285
2056 2285
2057 2285
2058 2285
2059 2285
2060 2285
2061 2285
2062 2285
2063 2285
2064 2285
2065 2285
2066 2285
2067 2285
2068 2285
2069 2285
2070 2285
2071 2285
2072 2285
2073 2285
2074 2285
2075 2285
2076 2285
2077 2285
2078 2285
2079 2285
2080 2285
2081 2285
2082 2285
2083 2285
2084 2285
2085 2285
2086 2285
2087 2285
2088 2285
2089 2285
2090 2285
2091 2285
2092 2285
2093 2285
2094 2285
2095 2285
2096 2285
2097 2285
2098 2285
2099 2285
2100 2285
2101 2285
2102 2285
2103 2285
2104 2285
2105 2285
2106 2285
2107 2285
2108 2285
2109 2285
2110 2285
2111 2285
2112 2285
2113 2285
2114 2285
2115 2285
2116 2285
2117 2285
2118 2285
2119 2285
2120 2285
2121 2285
2122 2285
2123 2285
2124 2285
2125 2285
2126 2285
2127 2285
2128 2285
2129 2285
2130 2285
2131 2285
2132 2285
2133 2285
2134 2285
2135 2285
2136 2285
2137 2285
2138 2285
2139 2285
2140 2285
2141 2285
2142 2285
2143 2285
2144 2285
2145 2285
2146 2285
2147 2285
2148 2285
2149 2285
2150 2285
2151 2285
2152 2285
2153 2285
2154 2285
2155 2285
2156 2285
2157 2285
2158 2285
2159 2285
2160 2285
2161 2285
2162 2285
2163 2285
2164 2285
2165 2285
2166 2285
2167 2285
2168 2285
2169 2285
2170 2285
2171 2285
2172 2285
2173 2285
2174 2285
2175 2285
2176 2285
2177 2285
2178 2285
2179 2285
2180 2285
2181 2285
2182 2285
2183 2285
2184 2285
2185 2285
2186 2285
2187 2285
2188 2285
2189 2285
2190 2285
2191 2285
2192 2285
2193 2285
2194 2285
2195 2285
2196 2285
2197 2285
2198 2285
2199 2285
2200 2285
2201 2285
2202 2285
2203 2285
2204 2285
2205 2285
2206 2285
2207 2285
2208 2285
2209 2285
2210 2285
2211 2285
2212 2285
2213 2285
2214 2285
2215 2285
2216 2285
2217 2285
2218 2285
2219 2285
2220 2285
2221 2285
2222 2285
2223 2285
2224 2285
2225 2285
2226 2285
2227 2285
2228 2285
2229 2285
2230 2285
2231 2285
2232 2285
2233 2285
2234 2285
2235 2285
2236 2285
2237 2285
2238 2285
2239 2285
2240 2285
2241 2285
2242 2285
2243 2285
2244 2285
2245 2285
2246 2285
2247 2285
2248 2285
2249 2285
2250 2285
2251 2285
2252 2285
2253 2285
2254 2285
2255 2285
2256 2285
2257 2285
2258 2285
2259 2285
2260 2285
2261 2285
2262 2285
2263 2285
2264 2285
2265 2285
2266 2285
2267 2285
2268 2285
2269 2285
2270 2285
2271 2285
2272 2285
2273 2285
2274 2285
2275 2285
2276 2285
2277 2285
2278 2285
2279 2285
2280 2285
2281 2285
2282 2285
2283 2285
2284 2285
2285 2285
2286 2285
2287 2285
2288 2285
2289 2285
2290 2285
2291 2285
2292 2285
2293 2285
2294 2285
2295 2285
2296 2285
2297 2285
2298 2285
2299 2285
2300 2285
2301 2285
2302 2285
2303 2285
2304 2285
2305 2285
2306 2285
2307 2285
2308 2285
2309 2285
2310 2285
2311 2285
2312 2285
2313 2285
2314 2285
2315 2285
2316 2285
2317 2285
2318 2285
2319 2285
2320 2285
2321 2285
2322 2285
2323 2285
2324 2285
2325 2285
2326 2285
2327 2285
2328 2285
2329 2285
2330 2285
2331 2285
2332 2285
2333 2285
2334 2285
2335 2285
2336 2285
2337 2285
2338 2285
2339 2285
2340 2285
2341 2285
2342 2285
2343 2285
2344 2285
2345 2285
2346 2285
2347 2285
2348 2285
2349 2285
2350 2285
2351 2285
2352 2285
2353 2285
2354 2285
2355 2285
2356 2285
2357 2285
2358 2285
2359 2285
2360 2285
2361 2285
2362 2285
2363 2285
2364 2285
2365 2285
2366 2285
2367 2285
2368 2285
2369 2285
2370 2285
2371 2285
2372 2285
2373 2285
2374 2285
2375 2285
2376 2285
2377 2285
2378 2285
2379 2285
2380 2285
2381 2285
2382 2285
2383 2285
2384 2285
2385 2285
2386 2285
2387 2285
2388 2285
2389 2285
2390 2285
2391 2285
2392 2285
2393 2285
2394 2285
2395 2285
2396 2285
2397 2285
2398 2285
2399 2285
2400 2285
2401 2285
2402 2285
2403 2285
2404 2285
2405 2285
2406 2285
2407 2285
2408 2285
2409 2285
2410 2285
2411 2285
2412 2285
2413 2285
2414 2285
2415 2285
2416 2285
2417 2285
2418 2285
2419 2285
2420 2285
2421 2285
2422 2285
2423 2285
2424 2285
2425 2285
2426 2285
2427 2285
2428 2285
2429 2285
2430 2285
2431 2285
2432 2285
2433 2285
2434 2285
2435 2285
2436 2285
2437 2285
2438 2285
2439 2285
2440 2285
2441 2285
2442 2285
2443 2285
2444 2285
2445 2285
2446 2285
2447 2285
2448 2285
2449 2285
2450 2285
2451 2285
2452 2285
2453 2285
2454 2285
2455 2285
2456 2285
2457 2285
2458 2285
2459 2285
2460 2285
2461 2285
2462 2285
2463 2285
2464 2285
2465 2285
2466 2285
2467 2285
2468 2285
2469 2285
2470 2285
2471 2285
2472 2285
2473 2285
2474 2285
2475 2285
2476 2285
2477 2285
2478 2285
2479 2285
2480 2285
2481 2285
2482 2285
2483 2285
2484 2285
2485 2285
2486 2285
2487 2285
2488 2285
2489 2285
2490 2285
2491 2285
2492 2285
2493 2285
2494 2285
2495 2285
2496 2285
2497 2285
2498 2285
2499 2285
2500 2285
2501 2285
2502 2285
2503 2285
2504 2285
2505 2285
2506 2285
2507 2285
2508 2285
2509 2285
2510 2285
2511 2285
2512 2285
2513 2285
2514 2285
2515 2285
2516 2285
2517 2285
2518 2285
2519 2285
2520 2285
2521 2285
2522 2285
2523 2285
2524 2285
2525 2285
2526 2285
2527 2285
2528 2285
2529 2285
2530 2285
2531 2285
2532 2285
2533 2285
2534 2285
2535 2285
2536 2285
2537 2285
2538 2285
2539 2285
2540 2285
2541 2285
2542 2285
2543 2285
2544 2285
2545 2285
2546 2285
2547 2285
2548 2285
2549 2285
2550 2285
2551 2285
2552 2285
2553 2285
2554 2285
2555 2285
2556 2285
2557 2285
2558 2285
2559 2285
2560 2285
2561 2285
2562 2285
2563 2285
2564 2285
2565 2285
2566 2285
2567 2285
2568 2285
2569 2285
2570 2285
2571 2285
2572 2285
2573 2285
2574 2285
2575 2285
2576 2285
2577 2285
2578 2285
2579 2285
2580 2285
2581 2285
2582 2285
2583 2285
2584 2285
2585 2285
2586 2285
2587 2285
2588 2285
2589 2285
2590 2285
2591 2285
2592 2285
2593 2285
2594 2285
2595 2285
2596 2285
2597 2285
2598 2285
2599 2285
2600 2285
2601 2285
2602 2285
2603 2285
2604 2285
2605 2285
2606 2285
2607 2285
2608 2285
2609 2285
2610 2285
2611 2285
2612 2285
2613 2285
2614 2285
2615 2285
2616 2285
2617 2285
2618 2285
2619 2285
2620 2285
2621 2285
2622 2285
2623 2285
2624 2285
2625 2285
2626 2285
2627 2285
2628 2285
2629 2285
2630 2285
2631 2285
2632 2285
2633 2285
2634 2285
2635 2285
2636 2285
2637 2285
2638 2285
2639 2285
2640 2285
2641 2285
2642 2285
2643 2285
2644 2285
2645 2285
2646 2285
2647 2285
2648 2285
2649 2285
2650 2285
2651 2285
2652 2285
2653 2285
2654 2285
2655 2285
2656 2285
2657 2285
2658 2285
2659 2285
2660 2285
2661 2285
2662 2285
2663 2285
2664 2285
2665 2285
2666 2285
2667 2285
2668 2285
2669 2285
2670 2285
2671 2285
2672 2285
2673 2285
2674 2285
2675 2285
2676 2285
2677 2285
2678 2285
2679 2285
2680 2285
2681 2285
2682 2285
2683 2285
2684 2285
2685 2285
2686 2285
2687 2285
2688 2285
2689 2285
2690 2285
2691 2285
2692 2285
2693 2285
2694 2285
2695 2285
2696 2285
2697 2285
2698 2285
2699 2285
2700 2285
2701 2285
2702 2285
2703 2285
2704 2285
2705 2285
2706 2285
2707 2285
2708 2285
2709 2285
2710 2285
2711 2285
2712 2285
2713 2285
2714 2285
2715 2285
2716 2285
2717 2285
2718 2285
2719 2285
2720 2285
2721 2285
2722 2285
2723 2285
2724 2285
2725 2285
2726 2285
2727 2285
2728 2285
2729 2285
2730 2285
2731 2285
2732 2285
2733 2285
2734 2285
2735 2285
2736 2285
2737 2285
2738 2285
2739 2285
2740 2285
2741 2285
2742 2285
2743 2285
2744 2285
2745 2285
2746 2285
2747 2285
2748 2285
2749 2285
2750 2285
2751 2285
2752 2285
2753 2285
2754 2285
2755 2285
2756 2285
2757 2285
2758 2285
2759 2285
2760 2285
2761 2285
2762 2285
2763 2285
2764 2285
2765 2285
2766 2285
2767 2285
2768 2285
2769 2285
2770 2285
2771 2285
2772 2285
2773 2285
2774 2285
2775 2285
2776 2285
2777 2285
2778 2285
2779 2285
2780 2285
2781 2285
2782 2285
2783 2285
2784 2285
2785 2285
2786 2285
2787 2285
2788 2285
2789 2285
2790 2285
2791 2285
2792 2285
2793 2285
2794 2285
2795 2285
2796 2285
2797 2285
2798 2285
2799 2285
2800 2285
2801 2285
2802 2285
2803 2285
2804 2285
2805 2285
2806 2285
2807 2285
2808 2285
2809 2285
2810 2285
2811 2285
2812 2285
2813 2285
2814 2285
2815 2285
2816 2285
2817 2285
2818 2285
2819 2285
2820 2285
2821 2285
2822 2285
2823 2285
2824 2285
2825 2285
2826 2285
2827 2285
2828 2285
2829 2285
2830 2285
2831 2285
2832 2285
2833 2285
2834 2285
2835 2285
2836 2285
2837 2285
2838 2285
2839 2285
2840 2285
2841 2285
2842 2285
2843 2285
2844 2285
2845 2285
2846 2285
2847 2285
2848 2285
2849 2285
2850 2285
2851 2285
2852 2285
2853 2285
2854 2285
2855 2285
2856 2285
2857 2285
2858 2285
2859 2285
2860 2285
2861 2285
2862 2285
2863 2285
2864 2285
2865 2285
2866 2285
2867 2285
2868 2285
2869 2285
2870 2285
2871 2285
2872 2285
2873 2285
2874 2285
2875 2285
2876 2285
2877 2285
2878 2285
2879 2285
2880 2285
2881 2285
2882 2285
2883 2285
2884 2285
2885 2285
2886 2285
2887 2285
2888 2285
2889 2285
2890 2285
2891 2285
2892 2285
2893 2285
2894 2285
2895 2285
2896 2285
2897 2285
2898 2285
2899 2285
2900 2285
2901 2285
2902 2285
2903 2285
2904 2285
2905 2285
2906 2285
2907 2285
2908 2285
2909 2285
2910 2285
2911 2285
2912 2285
2913 2285
2914 2285
2915 2285
2916 2285
2917 2285
2918 2285
2919 2285
2920 2285
2921 2285
2922 2285
2923 2285
2924 2285
2925 2285
2926 2285
2927 2285
2928 2285
2929 2285
2930 2285
2931 2285
2932 2285
2933 2285
2934 2285
2935 2285
2936 2285
2937 2285
2938 2285
2939 2285
2940 2285
2941 2285
2942 2285
2943 2285
2944 2285
2945 2285
2946 2285
2947 2285
2948 2285
2949 2285
2950 2285
2951 2285
2952 2285
2953 2285
2954 2285
2955 2285
2956 2285
2957 2285
2958 2285
2959 2285
2960 2285
2961 2285
2962 2285
2963 2285
2964 2285
2965 2285
2966 2285
2967 2285
2968 2285
2969 2285
2970 2285
2971 2285
2972 2285
2973 2285
2974 2285
2975 2285
2976 2285
2977 2285
2978 2285
2979 2285
2980 2285
2981 2285
2982 2285
2983 2285
2984 2285
2985 2285
2986 2285
2987 2285
2988 2285
2989 2285
2990 2285
2991 2285
2992 2285
2993 2285
2994 2285
2995 2285
2996 2285
2997 2285
2998 2285
2999 2285
3000 3151
3001 3151
3002 3151
3003 3151
3004 3151
3005 3151
3006 3151
3007 3151
3008 3151
3009 3151
3010 3151
3011 3151
3012 3151
3013 3151
3014 3151
3015 3151
3016 3151
3017 3151
3018 3151
3019 3151
3020 3151
3021 3151
3022 3151
3023 3151
3024 3151
3025 3151
3026 3151
3027 3151
3028 3151
3029 3151
3030 3151
3031 3151
3032 3151
3033 3151
3034 3151
3035 3151
3036 3151
3037 3151
3038 3151
3039 3151
3040 3151
3041 3151
3042 3151
3043 3151
3044 3151
3045 3151
3046 3151
3047 3151
3048 3151
3049 3151
3050 3151
3051 3151
3052 3151
3053 3151
3054 3151
3055 3151
3056 3151
3057 3151
3058 3151
3059 3151
3060 3151
3061 3151
3062 3151
3063 3151
3064 3151
3065 3151
3066 3151
3067 3151
3068 3151
3069 3151
3070 3151
3071 3151
3072 3151
3073 3151
3074 3151
3075 3151
3076 3151
3077 3151
3078 3151
3079 3151
3080 3151
3081 3151
3082 3151
3083 3151
3084 3151
3085 3151
3086 3151
3087 3151
3088 3151
3089 3151
3090 3151
3091 3151
3092 3151
3093 3151
3094 3151
3095 3151
3096 3151
3097 3151
3098 3151
3099 3151
3100 3151
3101 3151
3102 3151
3103 3151
3104 3151
3105 3151
3106 3151
3107 3151
3108 3151
3109 3151
3110 3151
3111 3151
3112 3151
3113 3151
3114 3151
3115 3151
3116 3151
3117 3151
3118 3151
3119 3151
3120 3151
3121 3151
3122 3151
3123 3151
3124 3151
3125 3151
3126 3151
3127 3151
3128 3151
3129 3151
3130 3151
3131 3151
3132 3151
3133 3151
3134 3151
3135 3151
3136 3151
3137 3151
3138 3151
3139 3151
3140 3151
3141 3151
3142 3151
3143 3151
3144 3151
3145 3151
3146 3151
3147 3151
3148 3151
3149 3151
3150 3151
3151 3151
3152 3151
3153 3151
3154 3151
3155 3151
3156 3151
3157 3151
3158 3151
3159 3151
3160 3151
3161 3151
3162 3151
3163 3151
3164 3151
3165 3151
3166 3151
3167 3151
3168 3151
3169 3151
3170 3151
3171 3151
3172 3151
3173 3151
3174 3151
3175 3151
3176 3151
3177 3151
3178 3151
3179 3151
3180 3151
3181 3151
3182 3151
3183 3151
3184 3151
3185 3151
3186 3151
3187 3151
3188 3151
3189 3151
3190 3151
3191 3151
3192 3151
3193 3151
3194 3151
3195 3151
3196 3151
3197 3151
3198 3151
3199 3151
3200 3151
3201 3151
3202 3151
3203 3151
3204 3151
3205 3151
3206 3151
3207 3151
3208 3151
3209 3151
3210 3151
3211 3151
3212 3151
3213 3151
3214 3151
3215 3151
3216 3151
3217 3151
3218 3151
3219 3151
3220 3151
3221 3151
3222 3151
3223 3151
3224 3151
3225 3151
3226 3151
3227 3151
3228 3151
3229 3151
3230 3151
3231 3151
3232 3151
3233 3151
3234 3151
3235 3151
3236 3151
3237 3151
3238 3151
3239 3151
3240 3151
3241 3151
3242 3151
3243 3151
3244 3151
3245 3151
3246 3151
3247 3151
3248 3151
3249 3151
3250 3151
3251 3151
3252 3151
3253 3151
3254 3151
3255 3151
3256 3151
3257 3151
3258 3151
3259 3151
3260 3151
3261 3151
3262 3151
3263 3151
3264 3151
3265 3151
3266 3151
3267 3151
3268 3151
3269 3151
3270 3151
3271 3151
3272 3151
3273 3151
3274 3151
3275 3151
3276 3151
3277 3151
3278 3151
3279 3151
3280 3151
3281 3151
3282 3151
3283 3151
3284 3151
3285 3151
3286 3151
3287 3151
3288 3151
3289 3151
3290 3151
3291 3151
3292 3151
3293 3151
3294 3151
3295 3151
3296 3151
3297 3151
3298 3151
3299 3151
3300 3151
3301 3151
3302 3151
3303 3151
3304 3151
3305 3151
3306 3151
3307 3151
3308 3151
3309 3151
3310 3151
3311 3151
3312 3151
3313 3151
3314 3151
3315 3151
3316 3151
3317 3151
3318 3151
3319 3151
3320 3151
3321 3151
3322 3151
3323 3151
3324 3151
3325 3151
3326 3151
3327 3151
3328 3151
3329 3151
3330 3151
3331 3151
3332 3151
3333 3151
3334 3151
3335 3151
3336 3151
3337 3151
3338 3151
3339 3151
3340 3151
3341 3151
3342 3151
3343 3151
3344 3151
3345 3151
3346 3151
3347 3151
3348 3151
3349 3151
3350 3151
3351 3151
3352 3151
3353 3151
3354 3151
3355 3151
3356 3151
3357 3151
3358 3151
3359 3151
3360 3151
3361 3151
3362 3151
3363 3151
3364 3151
3365 3151
3366 3151
3367 3151
3368 3151
3369 3151
3370 3151
3371 3151
3372 3151
3373 3151
3374 3151
3375 3151
3376 3151
3377 3151
3378 3151
3379 3151
3380 3151
3381 3151
3382 3151
3383 3151
3384 3151
3385 3151
3386 3151
3387 3151
3388 3151
3389 3151
3390 3151
3391 3151
3392 3151
3393 3151
3394 3151
3395 3151
3396 3151
3397 3151
3398 3151
3399 3151
3400 3151
3401 3151
3402 3151
3403 3151
3404 3151
3405 3151
3406 3151
3407 3151
3408 3151
3409 3151
3410 3151
3411 3151
3412 3151
3413 3151
3414 3151
3415 3151
3416 3151
3417 3151
3418 3151
3419 3151
3420 3151
3421 3151
3422 3151
3423 3151
3424 3151
3425 3151
3426 3151
3427 3151
3428 3151
3429 3151
3430 3151
3431 3151
3432 3151
3433 3151
3434 3151
3435 3151
3436 3151
3437 3151
3438 3151
3439 3151
3440 3151
3441 3151
3442 3151
3443 3151
3444 3151
3445 3151
3446 3151
3447 3151
3448 3151
3449 3151
3450 3151
3451 3151
3452 3151
3453 3151
3454 3151
3455 3151
3456 3151
3457 3151
3458 3151
3459 3151
3460 3151
3461 3151
3462 3151
3463 3151
3464 3151
3465 3151
3466 3151
3467 3151
3468 3151
3469 3151
3470 3151
3471 3151
3472 3151
3473 3151
3474 3151
3475 3151
3476 3151
3477 3151
3478 3151
3479 3151
3480 3151
3481 3151
3482 3151
3483 3151
3484 3151
3485 3151
3486 3151
3487 3151
3488 3151
3489 3151
3490 3151
3491 3151
3492 3151
3493 3151
3494 3151
3495 3151
3496 3151
3497 3151
3498 3151
3499 3151
3500 3151
3501 3151
3502 3151
3503 3151
3504 3151
3505 3151
3506 3151
3507 3151
3508 3151
3509 3151
3510 3151
3511 3151
3512 3151
3513 3151
3514 3151
3515 3151
3516 3151
3517 3151
3518 3151
3519 3151
3520 3151
3521 3151
3522 3151
3523 3151
3524 3151
3525 3151
3526 3151
3527 3151
3528 3151
3529 3151
3530 3151
3531 3151
3532 3151
3533 3151
3534 3151
3535 3151
3536 3151
3537 3151
3538 3151
3539 3151
3540 3151
3541 3151
3542 3151
3543 3151
3544 3151
3545 3151
3546 3151
3547 3151
3548 3151
3549 3151
3550 3151
3551 3151
3552 3151
3553 3151
3554 3151
3555 3151
3556 3151
3557 3151
3558 3151
3559 3151
3560 3151
3561 3151
3562 3151
3563 3151
3564 3151
3565 3151
3566 3151
3567 3151
3568 3151
3569 3151
3570 3151
3571 3151
3572 3151
3573 3151
3574 3151
3575 3151
3576 3151
3577 3151
3578 3151
3579 3151
3580 3151
3581 3151
3582 3151
3583 3151
3584 3151
3585 3151
3586 3151
3587 3151
3588 3151
3589 3151
3590 3151
3591 3151
3592 3151
3593 3151
3594 3151
3595 3151
3596 3151
3597 3151
3598 3151
3599 3151
3600 3151
3601 3151
3602 3151
3603 3151
3604 3151
3605 3151
3606 3151
3607 3151
3608 3151
3609 3151
3610 3151
3611 3151
3612 3151
3613 3151
3614 3151
3615 3151
3616 3151
3617 3151
3618 3151
3619 3151
3620 3151
3621 3151
3622 3151
3623 3151
3624 3151
3625 3151
3626 3151
3627 3151
3628 3151
3629 3151
3630 3151
3631 3151
3632 3151
3633 3151
3634 3151
3635 3151
3636 3151
3637 3151
3638 3151
3639 3151
3640 3151
3641 3151
3642 3151
3643 3151
3644 3151
3645 3151
3646 3151
3647 3151
3648 3151
3649 3151
3650 3151
3651 3151
3652 3151
3653 3151
3654 3151
3655 3151
3656 3151
3657 3151
3658 3151
3659 3151
3660 3151
3661 3151
3662 3151
3663 3151
3664 3151
3665 3151
3666 3151
3667 3151
3668 3151
3669 3151
3670 3151
3671 3151
3672 3151
3673 3151
3674 3151
3675 3151
3676 3151
3677 3151
3678 3151
3679 3151
3680 3151
3681 3151
3682 3151
3683 3151
3684 3151
3685 3151
3686 3151
3687 3151
3688 3151
3689 3151
3690 3151
3691 3151
3692 3151
3693 3151
3694 3151
3695 3151
3696 3151
3697 3151
3698 3151
3699 3151
3700 3151
3701 3151
3702 3151
3703 3151
3704 3151
3705 3151
3706 3151
3707 3151
3708 3151
3709 3151
3710 3151
3711 3151
3712 3151
3713 3151
3714 3151
3715 3151
3716 3151
3717 3151
3718 3151
3719 3151
3720 3151
3721 3151
3722 3151
3723 3151
3724 3151
3725 3151
3726 3151
3727 3151
3728 3151
3729 3151
3730 3151
3731 3151
3732 3151
3733 3151
3734 3151
3735 3151
3736 3151
3737 3151
3738 3151
3739 3151
3740 3151
3741 3151
3742 3151
3743 3151
3744 3151
3745 3151
3746 3151
3747 3151
3748 3151
3749 3151
3750 3151
3751 3151
3752 3151
3753 3151
3754 3151
3755 3151
3756 3151
3757 3151
3758 3151
3759 3151
3760 3151
3761 3151
3762 3151
3763 3151
3764 3151
3765 3151
3766 3151
3767 3151
3768 3151
3769 3151
3770 3151
3771 3151
3772 3151
3773 3151
3774 3151
3775 3151
3776 3151
3777 3151
3778 3151
3779 3151
3780 3151
3781 3151
3782 3151
3783 3151
3784 3151
3785 3151
3786 3151
3787 3151
3788 3151
3789 3151
3790 3151
3791 3151
3792 3151
3793 3151
3794 3151
3795 3151
3796 3151
3797 3151
3798 3151
3799 3151
3800 3151
3801 3151
3802 3151
3803 3151
3804 3151
3805 3151
3806 3151
3807 3151
3808 3151
3809 3151
3810 3151
3811 3151
3812 3151
3813 3151
3814 3151
3815 3151
3816 3151
3817 3151
3818 3151
3819 3151
3820 3151
3821 3151
3822 3151
3823 3151
3824 3151
3825 3151
3826 3151
3827 3151
3828 3151
3829 3151
3830 3151
3831 3151
3832 3151
3833 3151
3834 3151
3835 3151
3836 3151
3837 3151
3838 3151
3839 3151
3840 3151
3841 3151
3842 3151
3843 3151
3844 3151
3845 3151
3846 3151
3847 3151
3848 3151
3849 3151
3850 3151
3851 3151
3852 3151
3853 3151
3854 3151
3855 3151
3856 3151
3857 3151
3858 3151
3859 3151
3860 3151
3861 3151
3862 3151
3863 3151
3864 3151
3865 3151
3866 3151
3867 3151
3868 3151
3869 3151
3870 3151
3871 3151
3872 3151
3873 3151
3874 3151
3875 3151
3876 3151
3877 3151
3878 3151
3879 3151
3880 3151
3881 3151
3882 3151
3883 3151
3884 3151
3885 3151
3886 3151
3887 3151
3888 3151
3889 3151
3890 3151
3891 3151
3892 3151
3893 3151
3894 3151
3895 3151
3896 3151
3897 3151
3898 3151
3899 3151
3900 3151
3901 3151
3902 3151
3903 3151
3904 3151
3905 3151
3906 3151
3907 3151
3908 3151
3909 3151
3910 3151
3911 3151
3912 3151
3913 3151
3914 3151
3915 3151
3916 3151
3917 3151
3918 3151
3919 3151
3920 3151
3921 3151
3922 3151
3923 3151
3924 3151
3925 3151
3926 3151
3927 3151
3928 3151
3929 3151
3930 3151
3931 3151
3932 3151
3933 3151
3934 3151
3935 3151
3936 3151
3937 3151
3938 3151
3939 3151
3940 3151
3941 3151
3942 3151
3943 3151
3944 3151
3945 3151
3946 3151
3947 3151
3948 3151
3949 3151
3950 3151
3951 3151
3952 3151
3953 3151
3954 3151
3955 3151
3956 3151
3957 3151
3958 3151
3959 3151
3960 3151
3961 3151
3962 3151
3963 3151
3964 3151
3965 3151
3966 3151
3967 3151
3968 3151
3969 3151
3970 3151
3971 3151
3972 3151
3973 3151
3974 3151
3975 3151
3976 3151
3977 3151
3978 3151
3979 3151
3980 3151
3981 3151
3982 3151
3983 3151
3984 3151
3985 3151
3986 3151
3987 3151
3988 3151
3989 3151
3990 3151
3991 3151
3992 3151
3993 3151
3994 3151
3995 3151
3996 3151
3997 3151
3998 3151
3999 3151
