0 322
1 322
2 322
3 322
4 322
5 322
6 322
7 322
8 322
9 322
10 322
11 322
12 322
13 322
14 322
15 322
16 322
17 322
18 322
19 322
20 322
21 322
22 322
23 322
24 322
25 322
26 322
27 322
28 322
29 322
30 322
31 322
32 322
33 322
34 322
35 322
36 322
37 322
38 322
39 322
40 322
41 322
42 322
43 322
44 322
45 322
46 322
47 322
48 322
49 322
50 322
51 322
52 322
53 322
54 322
55 322
56 322
57 322
58 322
59 322
60 322
61 322
62 322
63 322
64 322
65 322
66 322
67 322
68 322
69 322
70 322
71 322
72 322
73 322
74 322
75 322
76 322
77 322
78 322
79 322
80 322
81 322
82 322
83 322
84 322
85 322
86 322
87 322
88 322
89 322
90 322
91 322
92 322
93 322
94 322
95 322
96 322
97 322
98 322
99 322
100 322
101 322
102 322
103 322
104 322
105 322
106 322
107 322
108 322
109 322
110 322
111 322
112 322
113 322
114 322
115 322
116 322
117 322
118 322
119 322
120 322
121 322
122 322
123 322
124 322
125 322
126 322
127 322
128 322
129 322
130 322
131 322
132 322
133 322
134 322
135 322
136 322
137 322
138 322
139 322
140 322
141 322
142 322
143 322
144 322
145 322
146 322
147 322
148 322
149 322
150 322
151 322
152 322
153 322
154 322
155 322
156 322
157 322
158 322
159 322
160 322
161 322
162 322
163 322
164 322
165 322
166 322
167 322
168 322
169 322
170 322
171 322
172 322
173 322
174 322
175 322
176 322
177 322
178 322
179 322
180 322
181 322
182 322
183 322
184 322
185 322
186 322
187 322
188 322
189 322
190 322
191 322
192 322
193 322
194 322
195 322
196 322
197 322
198 322
199 322
200 322
201 322
202 322
203 322
204 322
205 322
206 322
207 322
208 322
209 322
210 322
211 322
212 322
213 322
214 322
215 322
216 322
217 322
218 322
219 322
220 322
221 322
222 322
223 322
224 322
225 322
226 322
227 322
228 322
229 322
230 322
231 322
232 322
233 322
234 322
235 322
236 322
237 322
238 322
239 322
240 322
241 322
242 322
243 322
244 322
245 322
246 322
247 322
248 322
249 322
250 322
251 322
252 322
253 322
254 322
255 322
256 322
257 322
258 322
259 322
260 322
261 322
262 322
263 322
264 322
265 322
266 322
267 322
268 322
269 322
270 322
271 322
272 322
273 322
274 322
275 322
276 322
277 322
278 322
279 322
280 322
281 322
282 322
283 322
284 322
285 322
286 322
287 322
288 322
289 322
290 322
291 322
292 322
293 322
294 322
295 322
296 322
297 322
298 322
299 322
300 322
301 322
302 322
303 322
304 322
305 322
306 322
307 322
308 322
309 322
310 322
311 322
312 322
313 322
314 322
315 322
316 322
317 322
318 322
319 322
320 322
321 322
322 322
323 322
324 322
325 322
326 322
327 322
328 322
329 322
330 322
331 322
332 322
333 322
334 322
335 322
336 322
337 322
338 322
339 322
340 322
341 322
342 322
343 322
344 322
345 322
346 322
347 322
348 322
349 322
350 322
351 322
352 322
353 322
354 322
355 322
356 322
357 322
358 322
359 322
360 322
361 322
362 322
363 322
364 322
365 322
366 322
367 322
368 322
369 322
370 322
371 322
372 322
373 322
374 322
375 322
376 322
377 322
378 322
379 322
380 322
381 322
382 322
383 322
384 322
385 322
386 322
387 322
388 322
389 322
390 322
391 322
392 322
393 322
394 322
395 322
396 322
397 322
398 322
399 322
400 322
401 322
402 322
403 322
404 322
405 322
406 322
407 322
408 322
409 322
410 322
411 322
412 322
413 322
414 322
415 322
416 322
417 322
418 322
419 322
420 322
421 322
422 322
423 322
424 322
425 322
426 322
427 322
428 322
429 322
430 322
431 322
432 322
433 322
434 322
435 322
436 322
437 322
438 322
439 322
440 322
441 322
442 322
443 322
444 322
445 322
446 322
447 322
448 322
449 322
450 322
451 322
452 322
453 322
454 322
455 322
456 322
457 322
458 322
459 322
460 322
461 322
462 322
463 322
464 322
465 322
466 322
467 322
468 322
469 322
470 322
471 322
472 322
473 322
474 322
475 322
476 322
477 322
478 322
479 322
480 322
481 322
482 322
483 322
484 322
485 322
486 322
487 322
488 322
489 322
490 322
491 322
492 322
493 322
494 322
495 322
496 322
497 322
498 322
499 322
500 322
501 322
502 322
503 322
504 322
505 322
506 322
507 322
508 322
509 322
510 322
511 322
512 322
513 322
514 322
515 322
516 322
517 322
518 322
519 322
520 322
521 322
522 322
523 322
524 322
525 322
526 322
527 322
528 322
529 322
530 322
531 322
532 322
533 322
534 322
535 322
536 322
537 322
538 322
539 322
540 322
541 322
542 322
543 322
544 322
545 322
546 322
547 322
548 322
549 322
550 322
551 322
552 322
553 322
554 322
555 322
556 322
557 322
558 322
559 322
560 322
561 322
562 322
563 322
564 322
565 322
566 322
567 322
568 322
569 322
570 322
571 322
572 322
573 322
574 322
575 322
576 322
577 322
578 322
579 322
580 322
581 322
582 322
583 322
584 322
585 322
586 322
587 322
588 322
589 322
590 322
591 322
592 322
593 322
594 322
595 322
596 322
597 322
598 322
599 322
600 322
601 322
602 322
603 322
604 322
605 322
606 322
607 322
608 322
609 322
610 322
611 322
612 322
613 322
614 322
615 322
616 322
617 322
618 322
619 322
620 322
621 322
622 322
623 322
624 322
625 322
626 322
627 322
628 322
629 322
630 322
631 322
632 322
633 322
634 322
635 322
636 322
637 322
638 322
639 322
640 322
641 322
642 322
643 322
644 322
645 322
646 322
647 322
648 322
649 322
650 322
651 322
652 322
653 322
654 322
655 322
656 322
657 322
658 322
659 322
660 322
661 322
662 322
663 322
664 322
665 322
666 322
667 322
668 322
669 322
670 322
671 322
672 322
673 322
674 322
675 322
676 322
677 322
678 322
679 322
680 322
681 322
682 322
683 322
684 322
685 322
686 322
687 322
688 322
689 322
690 322
691 322
692 322
693 322
694 322
695 322
696 322
697 322
698 322
699 322
700 322
701 322
702 322
703 322
704 322
705 322
706 322
707 322
708 322
709 322
710 322
711 322
712 322
713 322
714 322
715 322
716 322
717 322
718 322
719 322
720 322
721 322
722 322
723 322
724 322
725 322
726 322
727 322
728 322
729 322
730 322
731 322
732 322
733 322
734 322
735 322
736 322
737 322
738 322
739 322
740 322
741 322
742 322
743 322
744 322
745 322
746 322
747 322
748 322
749 322
750 1362
751 1362
752 1362
753 1362
754 1362
755 1362
756 1362
757 1362
758 1362
759 1362
760 1362
761 1362
762 1362
763 1362
764 1362
765 1362
766 1362
767 1362
768 1362
769 1362
770 1362
771 1362
772 1362
773 1362
774 1362
775 1362
776 1362
777 1362
778 1362
779 1362
780 1362
781 1362
782 1362
783 1362
784 1362
785 1362
786 1362
787 1362
788 1362
789 1362
790 1362
791 1362
792 1362
793 1362
794 1362
795 1362
796 1362
797 1362
798 1362
799 1362
800 1362
801 1362
802 1362
803 1362
804 1362
805 1362
806 1362
807 1362
808 1362
809 1362
810 1362
811 1362
812 1362
813 1362
814 1362
815 1362
816 1362
817 1362
818 1362
819 1362
820 1362
821 1362
822 1362
823 1362
824 1362
825 1362
826 1362
827 1362
828 1362
829 1362
830 1362
831 1362
832 1362
833 1362
834 1362
835 1362
836 1362
837 1362
838 1362
839 1362
840 1362
841 1362
842 1362
843 1362
844 1362
845 1362
846 1362
847 1362
848 1362
849 1362
850 1362
851 1362
852 1362
853 1362
854 1362
855 1362
856 1362
857 1362
858 1362
859 1362
860 1362
861 1362
862 1362
863 1362
864 1362
865 1362
866 1362
867 1362
868 1362
869 1362
870 1362
871 1362
872 1362
873 1362
874 1362
875 1362
876 1362
877 1362
878 1362
879 1362
880 1362
881 1362
882 1362
883 1362
884 1362
885 1362
886 1362
887 1362
888 1362
889 1362
890 1362
891 1362
892 1362
893 1362
894 1362
895 1362
896 1362
897 1362
898 1362
899 1362
900 1362
901 1362
902 1362
903 1362
904 1362
905 1362
906 1362
907 1362
908 1362
909 1362
910 1362
911 1362
912 1362
913 1362
914 1362
915 1362
916 1362
917 1362
918 1362
919 1362
920 1362
921 1362
922 1362
923 1362
924 1362
925 1362
926 1362
927 1362
928 1362
929 1362
930 1362
931 1362
932 1362
933 1362
934 1362
935 1362
936 1362
937 1362
938 1362
939 1362
940 1362
941 1362
942 1362
943 1362
944 1362
945 1362
946 1362
947 1362
948 1362
949 1362
950 1362
951 1362
952 1362
953 1362
954 1362
955 1362
956 1362
957 1362
958 1362
959 1362
960 1362
961 1362
962 1362
963 1362
964 1362
965 1362
966 1362
967 1362
968 1362
969 1362
970 1362
971 1362
972 1362
973 1362
974 1362
975 1362
976 1362
977 1362
978 1362
979 1362
980 1362
981 1362
982 1362
983 1362
984 1362
985 1362
986 1362
987 1362
988 1362
989 1362
990 1362
991 1362
992 1362
993 1362
994 1362
995 1362
996 1362
997 1362
998 1362
999 1362
1000 1362
1001 1362
1002 1362
1003 1362
1004 1362
1005 1362
1006 1362
1007 1362
1008 1362
1009 1362
1010 1362
1011 1362
1012 1362
1013 1362
1014 1362
1015 1362
1016 1362
1017 1362
1018 1362
1019 1362
1020 1362
1021 1362
1022 1362
1023 1362
1024 1362
1025 1362
1026 1362
1027 1362
1028 1362
1029 1362
1030 1362
1031 1362
1032 1362
1033 1362
1034 1362
1035 1362
1036 1362
1037 1362
1038 1362
1039 1362
1040 1362
1041 1362
1042 1362
1043 1362
1044 1362
1045 1362
1046 1362
1047 1362
1048 1362
1049 1362
1050 1362
1051 1362
1052 1362
1053 1362
1054 1362
1055 1362
1056 1362
1057 1362
1058 1362
1059 1362
1060 1362
1061 1362
1062 1362
1063 1362
1064 1362
1065 1362
1066 1362
1067 1362
1068 1362
1069 1362
1070 1362
1071 1362
1072 1362
1073 1362
1074 1362
1075 1362
1076 1362
1077 1362
1078 1362
1079 1362
1080 1362
1081 1362
1082 1362
1083 1362
1084 1362
1085 1362
1086 1362
1087 1362
1088 1362
1089 1362
1090 1362
1091 1362
1092 1362
1093 1362
1094 1362
1095 1362
1096 1362
1097 1362
1098 1362
1099 1362
1100 1362
1101 1362
1102 1362
1103 1362
1104 1362
1105 1362
1106 1362
1107 1362
1108 1362
1109 1362
1110 1362
1111 1362
1112 1362
1113 1362
1114 1362
1115 1362
1116 1362
1117 1362
1118 1362
1119 1362
1120 1362
1121 1362
1122 1362
1123 1362
1124 1362
1125 1362
1126 1362
1127 1362
1128 1362
1129 1362
1130 1362
1131 1362
1132 1362
1133 1362
1134 1362
1135 1362
1136 1362
1137 1362
1138 1362
1139 1362
1140 1362
1141 1362
1142 1362
1143 1362
1144 1362
1145 1362
1146 1362
1147 1362
1148 1362
1149 1362
1150 1362
1151 1362
1152 1362
1153 1362
1154 1362
1155 1362
1156 1362
1157 1362
1158 1362
1159 1362
1160 1362
1161 1362
1162 1362
1163 1362
1164 1362
1165 1362
1166 1362
1167 1362
1168 1362
1169 1362
1170 1362
1171 1362
1172 1362
1173 1362
1174 1362
1175 1362
1176 1362
1177 1362
1178 1362
1179 1362
1180 1362
1181 1362
1182 1362
1183 1362
1184 1362
1185 1362
1186 1362
1187 1362
1188 1362
1189 1362
1190 1362
1191 1362
1192 1362
1193 1362
1194 1362
1195 1362
1196 1362
1197 1362
1198 1362
1199 1362
1200 1362
1201 1362
1202 1362
1203 1362
1204 1362
1205 1362
1206 1362
1207 1362
1208 1362
1209 1362
1210 1362
1211 1362
1212 1362
1213 1362
1214 1362
1215 1362
1216 1362
1217 1362
1218 1362
1219 1362
1220 1362
1221 1362
1222 1362
1223 1362
1224 1362
1225 1362
1226 1362
1227 1362
1228 1362
1229 1362
1230 1362
1231 1362
1232 1362
1233 1362
1234 1362
1235 1362
1236 1362
1237 1362
1238 1362
1239 1362
1240 1362
1241 1362
1242 1362
1243 1362
1244 1362
1245 1362
1246 1362
1247 1362
1248 1362
1249 1362
1250 1362
1251 1362
1252 1362
1253 1362
1254 1362
1255 1362
1256 1362
1257 1362
1258 1362
1259 1362
1260 1362
1261 1362
1262 1362
1263 1362
1264 1362
1265 1362
1266 1362
1267 1362
1268 1362
1269 1362
1270 1362
1271 1362
1272 1362
1273 1362
1274 1362
1275 1362
1276 1362
1277 1362
1278 1362
1279 1362
1280 1362
1281 1362
1282 1362
1283 1362
1284 1362
1285 1362
1286 1362
1287 1362
1288 1362
1289 1362
1290 1362
1291 1362
1292 1362
1293 1362
1294 1362
1295 1362
1296 1362
1297 1362
1298 1362
1299 1362
1300 1362
1301 1362
1302 1362
1303 1362
1304 1362
1305 1362
1306 1362
1307 1362
1308 1362
1309 1362
1310 1362
1311 1362
1312 1362
1313 1362
1314 1362
1315 1362
1316 1362
1317 1362
1318 1362
1319 1362
1320 1362
1321 1362
1322 1362
1323 1362
1324 1362
1325 1362
1326 1362
1327 1362
1328 1362
1329 1362
1330 1362
1331 1362
1332 1362
1333 1362
1334 1362
1335 1362
1336 1362
1337 1362
1338 1362
1339 1362
1340 1362
1341 1362
1342 1362
1343 1362
1344 1362
1345 1362
1346 1362
1347 1362
1348 1362
1349 1362
1350 1362
1351 1362
1352 1362
1353 1362
1354 1362
1355 1362
1356 1362
1357 1362
1358 1362
1359 1362
1360 1362
1361 1362
1362 1362
1363 1362
1364 1362
1365 1362
1366 1362
1367 1362
1368 1362
1369 1362
1370 1362
1371 1362
1372 1362
1373 1362
1374 1362
1375 1362
1376 1362
1377 1362
1378 1362
1379 1362
1380 1362
1381 1362
1382 1362
1383 1362
1384 1362
1385 1362
1386 1362
1387 1362
1388 1362
1389 1362
1390 1362
1391 1362
1392 1362
1393 1362
1394 1362
1395 1362
1396 1362
1397 1362
1398 1362
1399 1362
1400 1362
1401 1362
1402 1362
1403 1362
1404 1362
1405 1362
1406 1362
1407 1362
1408 1362
1409 1362
1410 1362
1411 1362
1412 1362
1413 1362
1414 1362
1415 1362
1416 1362
1417 1362
1418 1362
1419 1362
1420 1362
1421 1362
1422 1362
1423 1362
1424 1362
1425 1362
1426 1362
1427 1362
1428 1362
1429 1362
1430 1362
1431 1362
1432 1362
1433 1362
1434 1362
1435 1362
1436 1362
1437 1362
1438 1362
1439 1362
1440 1362
1441 1362
1442 1362
1443 1362
1444 1362
1445 1362
1446 1362
1447 1362
1448 1362
1449 1362
1450 1362
1451 1362
1452 1362
1453 1362
1454 1362
1455 1362
1456 1362
1457 1362
1458 1362
1459 1362
1460 1362
1461 1362
1462 1362
1463 1362
1464 1362
1465 1362
1466 1362
1467 1362
1468 1362
1469 1362
1470 1362
1471 1362
1472 1362
1473 1362
1474 1362
1475 1362
1476 1362
1477 1362
1478 1362
1479 1362
1480 1362
1481 1362
1482 1362
1483 1362
1484 1362
1485 1362
1486 1362
1487 1362
1488 1362
1489 1362
1490 1362
1491 1362
1492 1362
1493 1362
1494 1362
1495 1362
1496 1362
1497 1362
1498 1362
1499 1362
1500 1668
1501 1668
1502 1668
1503 1668
1504 1668
1505 1668
1506 1668
1507 1668
1508 1668
1509 1668
1510 1668
1511 1668
1512 1668
1513 1668
1514 1668
1515 1668
1516 1668
1517 1668
1518 1668
1519 1668
1520 1668
1521 1668
1522 1668
1523 1668
1524 1668
1525 1668
1526 1668
1527 1668
1528 1668
1529 1668
1530 1668
1531 1668
1532 1668
1533 1668
1534 1668
1535 1668
1536 1668
1537 1668
1538 1668
1539 1668
1540 1668
1541 1668
1542 1668
1543 1668
1544 1668
1545 1668
1546 1668
1547 1668
1548 1668
1549 1668
1550 1668
1551 1668
1552 1668
1553 1668
1554 1668
1555 1668
1556 1668
1557 1668
1558 1668
1559 1668
1560 1668
1561 1668
1562 1668
1563 1668
1564 1668
1565 1668
1566 1668
1567 1668
1568 1668
1569 1668
1570 1668
1571 1668
1572 1668
1573 1668
1574 1668
1575 1668
1576 1668
1577 1668
1578 1668
1579 1668
1580 1668
1581 1668
1582 1668
1583 1668
1584 1668
1585 1668
1586 1668
1587 1668
1588 1668
1589 1668
1590 1668
1591 1668
1592 1668
1593 1668
1594 1668
1595 1668
1596 1668
1597 1668
1598 1668
1599 1668
1600 1668
1601 1668
1602 1668
1603 1668
1604 1668
1605 1668
1606 1668
1607 1668
1608 1668
1609 1668
1610 1668
1611 1668
1612 1668
1613 1668
1614 1668
1615 1668
1616 1668
1617 1668
1618 1668
1619 1668
1620 1668
1621 1668
1622 1668
1623 1668
1624 1668
1625 1668
1626 1668
1627 1668
1628 1668
1629 1668
1630 1668
1631 1668
1632 1668
1633 1668
1634 1668
1635 1668
1636 1668
1637 1668
1638 1668
1639 1668
1640 1668
1641 1668
1642 1668
1643 1668
1644 1668
1645 1668
1646 1668
1647 1668
1648 1668
1649 1668
1650 1668
1651 1668
1652 1668
1653 1668
1654 1668
1655 1668
1656 1668
1657 1668
1658 1668
1659 1668
1660 1668
1661 1668
1662 1668
1663 1668
1664 1668
1665 1668
1666 1668
1667 1668
1668 1668
1669 1668
1670 1668
1671 1668
1672 1668
1673 1668
1674 1668
1675 1668
1676 1668
1677 1668
1678 1668
1679 1668
1680 1668
1681 1668
1682 1668
1683 1668
1684 1668
1685 1668
1686 1668
1687 1668
1688 1668
1689 1668
1690 1668
1691 1668
1692 1668
1693 1668
1694 1668
1695 1668
1696 1668
1697 1668
1698 1668
1699 1668
1700 1668
1701 1668
1702 1668
1703 1668
1704 1668
1705 1668
1706 1668
1707 1668
1708 1668
1709 1668
1710 1668
1711 1668
1712 1668
1713 1668
1714 1668
1715 1668
1716 1668
1717 1668
1718 1668
1719 1668
1720 1668
1721 1668
1722 1668
1723 1668
1724 1668
1725 1668
1726 1668
1727 1668
1728 1668
1729 1668
1730 1668
1731 1668
1732 1668
1733 1668
1734 1668
1735 1668
1736 1668
1737 1668
1738 1668
1739 1668
1740 1668
1741 1668
1742 1668
1743 1668
1744 1668
1745 1668
1746 1668
1747 1668
1748 1668
1749 1668
1750 1668
1751 1668
1752 1668
1753 1668
1754 1668
1755 1668
1756 1668
1757 1668
1758 1668
1759 1668
1760 1668
1761 1668
1762 1668
1763 1668
1764 1668
1765 1668
1766 1668
1767 1668
1768 1668
1769 1668
1770 1668
1771 1668
1772 1668
1773 1668
1774 1668
1775 1668
1776 1668
1777 1668
1778 1668
1779 1668
1780 1668
1781 1668
1782 1668
1783 1668
1784 1668
1785 1668
1786 1668
1787 1668
1788 1668
1789 1668
1790 1668
1791 1668
1792 1668
1793 1668
1794 1668
1795 1668
1796 1668
1797 1668
1798 1668
1799 1668
1800 1668
1801 1668
1802 1668
1803 1668
1804 1668
1805 1668
1806 1668
1807 1668
1808 1668
1809 1668
1810 1668
1811 1668
1812 1668
1813 1668
1814 1668
1815 1668
1816 1668
1817 1668
1818 1668
1819 1668
1820 1668
1821 1668
1822 1668
1823 1668
1824 1668
1825 1668
1826 1668
1827 1668
1828 1668
1829 1668
1830 1668
1831 1668
1832 1668
1833 1668
1834 1668
1835 1668
1836 1668
1837 1668
1838 1668
1839 1668
1840 1668
1841 1668
1842 1668
1843 1668
1844 1668
1845 1668
1846 1668
1847 1668
1848 1668
1849 1668
1850 1668
1851 1668
1852 1668
1853 1668
1854 1668
1855 1668
1856 1668
1857 1668
1858 1668
1859 1668
1860 1668
1861 1668
1862 1668
1863 1668
1864 1668
1865 1668
1866 1668
1867 1668
1868 1668
1869 1668
1870 1668
1871 1668
1872 1668
1873 1668
1874 1668
1875 1668
1876 1668
1877 1668
1878 1668
1879 1668
1880 1668
1881 1668
1882 1668
1883 1668
1884 1668
1885 1668
1886 1668
1887 1668
1888 1668
1889 1668
1890 1668
1891 1668
1892 1668
1893 1668
1894 1668
1895 1668
1896 1668
1897 1668
1898 1668
1899 1668
1900 1668
1901 1668
1902 1668
1903 1668
1904 1668
1905 1668
1906 1668
1907 1668
1908 1668
1909 1668
1910 1668
1911 1668
1912 1668
1913 1668
1914 1668
1915 1668
1916 1668
1917 1668
1918 1668
1919 1668
1920 1668
1921 1668
1922 1668
1923 1668
1924 1668
1925 1668
1926 1668
1927 1668
1928 1668
1929 1668
1930 1668
1931 1668
1932 1668
1933 1668
1934 1668
1935 1668
1936 1668
1937 1668
1938 1668
1939 1668
1940 1668
1941 1668
1942 1668
1943 1668
1944 1668
1945 1668
1946 1668
1947 1668
1948 1668
1949 1668
1950 1668
1951 1668
1952 1668
1953 1668
1954 1668
1955 1668
1956 1668
1957 1668
1958 1668
1959 1668
1960 1668
1961 1668
1962 1668
1963 1668
1964 1668
1965 1668
1966 1668
1967 1668
1968 1668
1969 1668
1970 1668
1971 1668
1972 1668
1973 1668
1974 1668
1975 1668
1976 1668
1977 1668
1978 1668
1979 1668
1980 1668
1981 1668
1982 1668
1983 1668
1984 1668
1985 1668
1986 1668
1987 1668
1988 1668
1989 1668
1990 1668
1991 1668
1992 1668
1993 1668
1994 1668
1995 1668
1996 1668
1997 1668
1998 1668
1999 1668
2000 1668
2001 1668
2002 1668
2003 1668
2004 1668
2005 1668
2006 1668
2007 1668
2008 1668
2009 1668
2010 1668
2011 1668
2012 1668
2013 1668
2014 1668
2015 1668
2016 1668
2017 1668
2018 1668
2019 1668
2020 1668
2021 1668
2022 1668
2023 1668
2024 1668
2025 1668
2026 1668
2027 1668
2028 1668
2029 1668
2030 1668
2031 1668
2032 1668
2033 1668
2034 1668
2035 1668
2036 1668
2037 1668
2038 1668
2039 1668
2040 1668
2041 1668
2042 1668
2043 1668
2044 1668
2045 1668
2046 1668
2047 1668
2048 1668
2049 1668
2050 1668
2051 1668
2052 1668
2053 1668
2054 1668
2055 1668
2056 1668
2057 1668
2058 1668
2059 1668
2060 1668
2061 1668
2062 1668
2063 1668
2064 1668
2065 1668
2066 1668
2067 1668
2068 1668
2069 1668
2070 1668
2071 1668
2072 1668
2073 1668
2074 1668
2075 1668
2076 1668
2077 1668
2078 1668
2079 1668
2080 1668
2081 1668
2082 1668
2083 1668
2084 1668
2085 1668
2086 1668
2087 1668
2088 1668
2089 1668
2090 1668
2091 1668
2092 1668
2093 1668
2094 1668
2095 1668
2096 1668
2097 1668
2098 1668
2099 1668
2100 1668
2101 1668
2102 1668
2103 1668
2104 1668
2105 1668
2106 1668
2107 1668
2108 1668
2109 1668
2110 1668
2111 1668
2112 1668
2113 1668
2114 1668
2115 1668
2116 1668
2117 1668
2118 1668
2119 1668
2120 1668
2121 1668
2122 1668
2123 1668
2124 1668
2125 1668
2126 1668
2127 1668
2128 1668
2129 1668
2130 1668
2131 1668
2132 1668
2133 1668
2134 1668
2135 1668
2136 1668
2137 1668
2138 1668
2139 1668
2140 1668
2141 1668
2142 1668
2143 1668
2144 1668
2145 1668
2146 1668
2147 1668
2148 1668
2149 1668
2150 1668
2151 1668
2152 1668
2153 1668
2154 1668
2155 1668
2156 1668
2157 1668
2158 1668
2159 1668
2160 1668
2161 1668
2162 1668
2163 1668
2164 1668
2165 1668
2166 1668
2167 1668
2168 1668
2169 1668
2170 1668
2171 1668
2172 1668
2173 1668
2174 1668
2175 1668
2176 1668
2177 1668
2178 1668
2179 1668
2180 1668
2181 1668
2182 1668
2183 1668
2184 1668
2185 1668
2186 1668
2187 1668
2188 1668
2189 1668
2190 1668
2191 1668
2192 1668
2193 1668
2194 1668
2195 1668
2196 1668
2197 1668
2198 1668
2199 1668
2200 1668
2201 1668
2202 1668
2203 1668
2204 1668
2205 1668
2206 1668
2207 1668
2208 1668
2209 1668
2210 1668
2211 1668
2212 1668
2213 1668
2214 1668
2215 1668
2216 1668
2217 1668
2218 1668
2219 1668
2220 1668
2221 1668
2222 1668
2223 1668
2224 1668
2225 1668
2226 1668
2227 1668
2228 1668
2229 1668
2230 1668
2231 1668
2232 1668
2233 1668
2234 1668
2235 1668
2236 1668
2237 1668
2238 1668
2239 1668
2240 1668
2241 1668
2242 1668
2243 1668
2244 1668
2245 1668
2246 1668
2247 1668
2248 1668
2249 1668
2250 2931
2251 2931
2252 2931
2253 2931
2254 2931
2255 2931
2256 2931
2257 2931
2258 2931
2259 2931
2260 2931
2261 2931
2262 2931
2263 2931
2264 2931
2265 2931
2266 2931
2267 2931
2268 2931
2269 2931
2270 2931
2271 2931
2272 2931
2273 2931
2274 2931
2275 2931
2276 2931
2277 2931
2278 2931
2279 2931
2280 2931
2281 2931
2282 2931
2283 2931
2284 2931
2285 2931
2286 2931
2287 2931
2288 2931
2289 2931
2290 2931
2291 2931
2292 2931
2293 2931
2294 2931
2295 2931
2296 2931
2297 2931
2298 2931
2299 2931
2300 2931
2301 2931
2302 2931
2303 2931
2304 2931
2305 2931
2306 2931
2307 2931
2308 2931
2309 2931
2310 2931
2311 2931
2312 2931
2313 2931
2314 2931
2315 2931
2316 2931
2317 2931
2318 2931
2319 2931
2320 2931
2321 2931
2322 2931
2323 2931
2324 2931
2325 2931
2326 2931
2327 2931
2328 2931
2329 2931
2330 2931
2331 2931
2332 2931
2333 2931
2334 2931
2335 2931
2336 2931
2337 2931
2338 2931
2339 2931
2340 2931
2341 2931
2342 2931
2343 2931
2344 2931
2345 2931
2346 2931
2347 2931
2348 2931
2349 2931
2350 2931
2351 2931
2352 2931
2353 2931
2354 2931
2355 2931
2356 2931
2357 2931
2358 2931
2359 2931
2360 2931
2361 2931
2362 2931
2363 2931
2364 2931
2365 2931
2366 2931
2367 2931
2368 2931
2369 2931
2370 2931
2371 2931
2372 2931
2373 2931
2374 2931
2375 2931
2376 2931
2377 2931
2378 2931
2379 2931
2380 2931
2381 2931
2382 2931
2383 2931
2384 2931
2385 2931
2386 2931
2387 2931
2388 2931
2389 2931
2390 2931
2391 2931
2392 2931
2393 2931
2394 2931
2395 2931
2396 2931
2397 2931
2398 2931
2399 2931
2400 2931
2401 2931
2402 2931
2403 2931
2404 2931
2405 2931
2406 2931
2407 2931
2408 2931
2409 2931
2410 2931
2411 2931
2412 2931
2413 2931
2414 2931
2415 2931
2416 2931
2417 2931
2418 2931
2419 2931
2420 2931
2421 2931
2422 2931
2423 2931
2424 2931
2425 2931
2426 2931
2427 2931
2428 2931
2429 2931
2430 2931
2431 2931
2432 2931
2433 2931
2434 2931
2435 2931
2436 2931
2437 2931
2438 2931
2439 2931
2440 2931
2441 2931
2442 2931
2443 2931
2444 2931
2445 2931
2446 2931
2447 2931
2448 2931
2449 2931
2450 2931
2451 2931
2452 2931
2453 2931
2454 2931
2455 2931
2456 2931
2457 2931
2458 2931
2459 2931
2460 2931
2461 2931
2462 2931
2463 2931
2464 2931
2465 2931
2466 2931
2467 2931
2468 2931
2469 2931
2470 2931
2471 2931
2472 2931
2473 2931
2474 2931
2475 2931
2476 2931
2477 2931
2478 2931
2479 2931
2480 2931
2481 2931
2482 2931
2483 2931
2484 2931
2485 2931
2486 2931
2487 2931
2488 2931
2489 2931
2490 2931
2491 2931
2492 2931
2493 2931
2494 2931
2495 2931
2496 2931
2497 2931
2498 2931
2499 2931
2500 2931
2501 2931
2502 2931
2503 2931
2504 2931
2505 2931
2506 2931
2507 2931
2508 2931
2509 2931
2510 2931
2511 2931
2512 2931
2513 2931
2514 2931
2515 2931
2516 2931
2517 2931
2518 2931
2519 2931
2520 2931
2521 2931
2522 2931
2523 2931
2524 2931
2525 2931
2526 2931
2527 2931
2528 2931
2529 2931
2530 2931
2531 2931
2532 2931
2533 2931
2534 2931
2535 2931
2536 2931
2537 2931
2538 2931
2539 2931
2540 2931
2541 2931
2542 2931
2543 2931
2544 2931
2545 2931
2546 2931
2547 2931
2548 2931
2549 2931
2550 2931
2551 2931
2552 2931
2553 2931
2554 2931
2555 2931
2556 2931
2557 2931
2558 2931
2559 2931
2560 2931
2561 2931
2562 2931
2563 2931
2564 2931
2565 2931
2566 2931
2567 2931
2568 2931
2569 2931
2570 2931
2571 2931
2572 2931
2573 2931
2574 2931
2575 2931
2576 2931
2577 2931
2578 2931
2579 2931
2580 2931
2581 2931
2582 2931
2583 2931
2584 2931
2585 2931
2586 2931
2587 2931
2588 2931
2589 2931
2590 2931
2591 2931
2592 2931
2593 2931
2594 2931
2595 2931
2596 2931
2597 2931
2598 2931
2599 2931
2600 2931
2601 2931
2602 2931
2603 2931
2604 2931
2605 2931
2606 2931
2607 2931
2608 2931
2609 2931
2610 2931
2611 2931
2612 2931
2613 2931
2614 2931
2615 2931
2616 2931
2617 2931
2618 2931
2619 2931
2620 2931
2621 2931
2622 2931
2623 2931
2624 2931
2625 2931
2626 2931
2627 2931
2628 2931
2629 2931
2630 2931
2631 2931
2632 2931
2633 2931
2634 2931
2635 2931
2636 2931
2637 2931
2638 2931
2639 2931
2640 2931
2641 2931
2642 2931
2643 2931
2644 2931
2645 2931
2646 2931
2647 2931
2648 2931
2649 2931
2650 2931
2651 2931
2652 2931
2653 2931
2654 2931
2655 2931
2656 2931
2657 2931
2658 2931
2659 2931
2660 2931
2661 2931
2662 2931
2663 2931
2664 2931
2665 2931
2666 2931
2667 2931
2668 2931
2669 2931
2670 2931
2671 2931
2672 2931
2673 2931
2674 2931
2675 2931
2676 2931
2677 2931
2678 2931
2679 2931
2680 2931
2681 2931
2682 2931
2683 2931
2684 2931
2685 2931
2686 2931
2687 2931
2688 2931
2689 2931
2690 2931
2691 2931
2692 2931
2693 2931
2694 2931
2695 2931
2696 2931
2697 2931
2698 2931
2699 2931
2700 2931
2701 2931
2702 2931
2703 2931
2704 2931
2705 2931
2706 2931
2707 2931
2708 2931
2709 2931
2710 2931
2711 2931
2712 2931
2713 2931
2714 2931
2715 2931
2716 2931
2717 2931
2718 2931
2719 2931
2720 2931
2721 2931
2722 2931
2723 2931
2724 2931
2725 2931
2726 2931
2727 2931
2728 2931
2729 2931
2730 2931
2731 2931
2732 2931
2733 2931
2734 2931
2735 2931
2736 2931
2737 2931
2738 2931
2739 2931
2740 2931
2741 2931
2742 2931
2743 2931
2744 2931
2745 2931
2746 2931
2747 2931
2748 2931
2749 2931
2750 2931
2751 2931
2752 2931
2753 2931
2754 2931
2755 2931
2756 2931
2757 2931
2758 2931
2759 2931
2760 2931
2761 2931
2762 2931
2763 2931
2764 2931
2765 2931
2766 2931
2767 2931
2768 2931
2769 2931
2770 2931
2771 2931
2772 2931
2773 2931
2774 2931
2775 2931
2776 2931
2777 2931
2778 2931
2779 2931
2780 2931
2781 2931
2782 2931
2783 2931
2784 2931
2785 2931
2786 2931
2787 2931
2788 2931
2789 2931
2790 2931
2791 2931
2792 2931
2793 2931
2794 2931
2795 2931
2796 2931
2797 2931
2798 2931
2799 2931
2800 2931
2801 2931
2802 2931
2803 2931
2804 2931
2805 2931
2806 2931
2807 2931
2808 2931
2809 2931
2810 2931
2811 2931
2812 2931
2813 2931
2814 2931
2815 2931
2816 2931
2817 2931
2818 2931
2819 2931
2820 2931
2821 2931
2822 2931
2823 2931
2824 2931
2825 2931
2826 2931
2827 2931
2828 2931
2829 2931
2830 2931
2831 2931
2832 2931
2833 2931
2834 2931
2835 2931
2836 2931
2837 2931
2838 2931
2839 2931
2840 2931
2841 2931
2842 2931
2843 2931
2844 2931
2845 2931
2846 2931
2847 2931
2848 2931
2849 2931
2850 2931
2851 2931
2852 2931
2853 2931
2854 2931
2855 2931
2856 2931
2857 2931
2858 2931
2859 2931
2860 2931
2861 2931
2862 2931
2863 2931
2864 2931
2865 2931
2866 2931
2867 2931
2868 2931
2869 2931
2870 2931
2871 2931
2872 2931
2873 2931
2874 2931
2875 2931
2876 2931
2877 2931
2878 2931
2879 2931
2880 2931
2881 2931
2882 2931
2883 2931
2884 2931
2885 2931
2886 2931
2887 2931
2888 2931
2889 2931
2890 2931
2891 2931
2892 2931
2893 2931
2894 2931
2895 2931
2896 2931
2897 2931
2898 2931
2899 2931
2900 2931
2901 2931
2902 2931
2903 2931
2904 2931
2905 2931
2906 2931
2907 2931
2908 2931
2909 2931
2910 2931
2911 2931
2912 2931
2913 2931
2914 2931
2915 2931
2916 2931
2917 2931
2918 2931
2919 2931
2920 2931
2921 2931
2922 2931
2923 2931
2924 2931
2925 2931
2926 2931
2927 2931
2928 2931
2929 2931
2930 2931
2931 2931
2932 2931
2933 2931
2934 2931
2935 2931
2936 2931
2937 2931
2938 2931
2939 2931
2940 2931
2941 2931
2942 2931
2943 2931
2944 2931
2945 2931
2946 2931
2947 2931
2948 2931
2949 2931
2950 2931
2951 2931
2952 2931
2953 2931
2954 2931
2955 2931
2956 2931
2957 2931
2958 2931
2959 2931
2960 2931
2961 2931
2962 2931
2963 2931
2964 2931
2965 2931
2966 2931
2967 2931
2968 2931
2969 2931
2970 2931
2971 2931
2972 2931
2973 2931
2974 2931
2975 2931
2976 2931
2977 2931
2978 2931
2979 2931
2980 2931
2981 2931
2982 2931
2983 2931
2984 2931
2985 2931
2986 2931
2987 2931
2988 2931
2989 2931
2990 2931
2991 2931
2992 2931
2993 2931
2994 2931
2995 2931
2996 2931
2997 2931
2998 2931
2999 2931
