0 1408
1 1408
2 1408
3 1408
4 1408
5 1408
6 1408
7 1408
8 1408
9 1408
10 1408
11 1408
12 1408
13 1408
14 1408
15 1408
16 1408
17 1408
18 1408
19 1408
20 1408
21 1408
22 1408
23 1408
24 1408
25 1408
26 1408
27 1408
28 1408
29 1408
30 1408
31 1408
32 1408
33 1408
34 1408
35 1408
36 1408
37 1408
38 1408
39 1408
40 1408
41 1408
42 1408
43 1408
44 1408
45 1408
46 1408
47 1408
48 1408
49 1408
50 1408
51 1408
52 1408
53 1408
54 1408
55 1408
56 1408
57 1408
58 1408
59 1408
60 1408
61 1408
62 1408
63 1408
64 1408
65 1408
66 1408
67 1408
68 1408
69 1408
70 1408
71 1408
72 1408
73 1408
74 1408
75 1408
76 1408
77 1408
78 1408
79 1408
80 1408
81 1408
82 1408
83 1408
84 1408
85 1408
86 1408
87 1408
88 1408
89 1408
90 1408
91 1408
92 1408
93 1408
94 1408
95 1408
96 1408
97 1408
98 1408
99 1408
100 1408
101 1408
102 1408
103 1408
104 1408
105 1408
106 1408
107 1408
108 1408
109 1408
110 1408
111 1408
112 1408
113 1408
114 1408
115 1408
116 1408
117 1408
118 1408
119 1408
120 1408
121 1408
122 1408
123 1408
124 1408
125 1408
126 1408
127 1408
128 1408
129 1408
130 1408
131 1408
132 1408
133 1408
134 1408
135 1408
136 1408
137 1408
138 1408
139 1408
140 1408
141 1408
142 1408
143 1408
144 1408
145 1408
146 1408
147 1408
148 1408
149 1408
150 1408
151 1408
152 1408
153 1408
154 1408
155 1408
156 1408
157 1408
158 1408
159 1408
160 1408
161 1408
162 1408
163 1408
164 1408
165 1408
166 1408
167 1408
168 1408
169 1408
170 1408
171 1408
172 1408
173 1408
174 1408
175 1408
176 1408
177 1408
178 1408
179 1408
180 1408
181 1408
182 1408
183 1408
184 1408
185 1408
186 1408
187 1408
188 1408
189 1408
190 1408
191 1408
192 1408
193 1408
194 1408
195 1408
196 1408
197 1408
198 1408
199 1408
200 1408
201 1408
202 1408
203 1408
204 1408
205 1408
206 1408
207 1408
208 1408
209 1408
210 1408
211 1408
212 1408
213 1408
214 1408
215 1408
216 1408
217 1408
218 1408
219 1408
220 1408
221 1408
222 1408
223 1408
224 1408
225 1408
226 1408
227 1408
228 1408
229 1408
230 1408
231 1408
232 1408
233 1408
234 1408
235 1408
236 1408
237 1408
238 1408
239 1408
240 1408
241 1408
242 1408
243 1408
244 1408
245 1408
246 1408
247 1408
248 1408
249 1408
250 1408
251 1408
252 1408
253 1408
254 1408
255 1408
256 1408
257 1408
258 1408
259 1408
260 1408
261 1408
262 1408
263 1408
264 1408
265 1408
266 1408
267 1408
268 1408
269 1408
270 1408
271 1408
272 1408
273 1408
274 1408
275 1408
276 1408
277 1408
278 1408
279 1408
280 1408
281 1408
282 1408
283 1408
284 1408
285 1408
286 1408
287 1408
288 1408
289 1408
290 1408
291 1408
292 1408
293 1408
294 1408
295 1408
296 1408
297 1408
298 1408
299 1408
300 1408
301 1408
302 1408
303 1408
304 1408
305 1408
306 1408
307 1408
308 1408
309 1408
310 1408
311 1408
312 1408
313 1408
314 1408
315 1408
316 1408
317 1408
318 1408
319 1408
320 1408
321 1408
322 1408
323 1408
324 1408
325 1408
326 1408
327 1408
328 1408
329 1408
330 1408
331 1408
332 1408
333 1408
334 1408
335 1408
336 1408
337 1408
338 1408
339 1408
340 1408
341 1408
342 1408
343 1408
344 1408
345 1408
346 1408
347 1408
348 1408
349 1408
350 1408
351 1408
352 1408
353 1408
354 1408
355 1408
356 1408
357 1408
358 1408
359 1408
360 1408
361 1408
362 1408
363 1408
364 1408
365 1408
366 1408
367 1408
368 1408
369 1408
370 1408
371 1408
372 1408
373 1408
374 1408
375 1408
376 1408
377 1408
378 1408
379 1408
380 1408
381 1408
382 1408
383 1408
384 1408
385 1408
386 1408
387 1408
388 1408
389 1408
390 1408
391 1408
392 1408
393 1408
394 1408
395 1408
396 1408
397 1408
398 1408
399 1408
400 1408
401 1408
402 1408
403 1408
404 1408
405 1408
406 1408
407 1408
408 1408
409 1408
410 1408
411 1408
412 1408
413 1408
414 1408
415 1408
416 1408
417 1408
418 1408
419 1408
420 1408
421 1408
422 1408
423 1408
424 1408
425 1408
426 1408
427 1408
428 1408
429 1408
430 1408
431 1408
432 1408
433 1408
434 1408
435 1408
436 1408
437 1408
438 1408
439 1408
440 1408
441 1408
442 1408
443 1408
444 1408
445 1408
446 1408
447 1408
448 1408
449 1408
450 1408
451 1408
452 1408
453 1408
454 1408
455 1408
456 1408
457 1408
458 1408
459 1408
460 1408
461 1408
462 1408
463 1408
464 1408
465 1408
466 1408
467 1408
468 1408
469 1408
470 1408
471 1408
472 1408
473 1408
474 1408
475 1408
476 1408
477 1408
478 1408
479 1408
480 1408
481 1408
482 1408
483 1408
484 1408
485 1408
486 1408
487 1408
488 1408
489 1408
490 1408
491 1408
492 1408
493 1408
494 1408
495 1408
496 1408
497 1408
498 1408
499 1408
500 1408
501 1408
502 1408
503 1408
504 1408
505 1408
506 1408
507 1408
508 1408
509 1408
510 1408
511 1408
512 1408
513 1408
514 1408
515 1408
516 1408
517 1408
518 1408
519 1408
520 1408
521 1408
522 1408
523 1408
524 1408
525 1408
526 1408
527 1408
528 1408
529 1408
530 1408
531 1408
532 1408
533 1408
534 1408
535 1408
536 1408
537 1408
538 1408
539 1408
540 1408
541 1408
542 1408
543 1408
544 1408
545 1408
546 1408
547 1408
548 1408
549 1408
550 1408
551 1408
552 1408
553 1408
554 1408
555 1408
556 1408
557 1408
558 1408
559 1408
560 1408
561 1408
562 1408
563 1408
564 1408
565 1408
566 1408
567 1408
568 1408
569 1408
570 1408
571 1408
572 1408
573 1408
574 1408
575 1408
576 1408
577 1408
578 1408
579 1408
580 1408
581 1408
582 1408
583 1408
584 1408
585 1408
586 1408
587 1408
588 1408
589 1408
590 1408
591 1408
592 1408
593 1408
594 1408
595 1408
596 1408
597 1408
598 1408
599 1408
600 1408
601 1408
602 1408
603 1408
604 1408
605 1408
606 1408
607 1408
608 1408
609 1408
610 1408
611 1408
612 1408
613 1408
614 1408
615 1408
616 1408
617 1408
618 1408
619 1408
620 1408
621 1408
622 1408
623 1408
624 1408
625 1408
626 1408
627 1408
628 1408
629 1408
630 1408
631 1408
632 1408
633 1408
634 1408
635 1408
636 1408
637 1408
638 1408
639 1408
640 1408
641 1408
642 1408
643 1408
644 1408
645 1408
646 1408
647 1408
648 1408
649 1408
650 1408
651 1408
652 1408
653 1408
654 1408
655 1408
656 1408
657 1408
658 1408
659 1408
660 1408
661 1408
662 1408
663 1408
664 1408
665 1408
666 1408
667 1408
668 1408
669 1408
670 1408
671 1408
672 1408
673 1408
674 1408
675 1408
676 1408
677 1408
678 1408
679 1408
680 1408
681 1408
682 1408
683 1408
684 1408
685 1408
686 1408
687 1408
688 1408
689 1408
690 1408
691 1408
692 1408
693 1408
694 1408
695 1408
696 1408
697 1408
698 1408
699 1408
700 1408
701 1408
702 1408
703 1408
704 1408
705 1408
706 1408
707 1408
708 1408
709 1408
710 1408
711 1408
712 1408
713 1408
714 1408
715 1408
716 1408
717 1408
718 1408
719 1408
720 1408
721 1408
722 1408
723 1408
724 1408
725 1408
726 1408
727 1408
728 1408
729 1408
730 1408
731 1408
732 1408
733 1408
734 1408
735 1408
736 1408
737 1408
738 1408
739 1408
740 1408
741 1408
742 1408
743 1408
744 1408
745 1408
746 1408
747 1408
748 1408
749 1408
750 1408
751 1408
752 1408
753 1408
754 1408
755 1408
756 1408
757 1408
758 1408
759 1408
760 1408
761 1408
762 1408
763 1408
764 1408
765 1408
766 1408
767 1408
768 1408
769 1408
770 1408
771 1408
772 1408
773 1408
774 1408
775 1408
776 1408
777 1408
778 1408
779 1408
780 1408
781 1408
782 1408
783 1408
784 1408
785 1408
786 1408
787 1408
788 1408
789 1408
790 1408
791 1408
792 1408
793 1408
794 1408
795 1408
796 1408
797 1408
798 1408
799 1408
800 1408
801 1408
802 1408
803 1408
804 1408
805 1408
806 1408
807 1408
808 1408
809 1408
810 1408
811 1408
812 1408
813 1408
814 1408
815 1408
816 1408
817 1408
818 1408
819 1408
820 1408
821 1408
822 1408
823 1408
824 1408
825 1408
826 1408
827 1408
828 1408
829 1408
830 1408
831 1408
832 1408
833 1408
834 1408
835 1408
836 1408
837 1408
838 1408
839 1408
840 1408
841 1408
842 1408
843 1408
844 1408
845 1408
846 1408
847 1408
848 1408
849 1408
850 1408
851 1408
852 1408
853 1408
854 1408
855 1408
856 1408
857 1408
858 1408
859 1408
860 1408
861 1408
862 1408
863 1408
864 1408
865 1408
866 1408
867 1408
868 1408
869 1408
870 1408
871 1408
872 1408
873 1408
874 1408
875 1408
876 1408
877 1408
878 1408
879 1408
880 1408
881 1408
882 1408
883 1408
884 1408
885 1408
886 1408
887 1408
888 1408
889 1408
890 1408
891 1408
892 1408
893 1408
894 1408
895 1408
896 1408
897 1408
898 1408
899 1408
900 1408
901 1408
902 1408
903 1408
904 1408
905 1408
906 1408
907 1408
908 1408
909 1408
910 1408
911 1408
912 1408
913 1408
914 1408
915 1408
916 1408
917 1408
918 1408
919 1408
920 1408
921 1408
922 1408
923 1408
924 1408
925 1408
926 1408
927 1408
928 1408
929 1408
930 1408
931 1408
932 1408
933 1408
934 1408
935 1408
936 1408
937 1408
938 1408
939 1408
940 1408
941 1408
942 1408
943 1408
944 1408
945 1408
946 1408
947 1408
948 1408
949 1408
950 1408
951 1408
952 1408
953 1408
954 1408
955 1408
956 1408
957 1408
958 1408
959 1408
960 1408
961 1408
962 1408
963 1408
964 1408
965 1408
966 1408
967 1408
968 1408
969 1408
970 1408
971 1408
972 1408
973 1408
974 1408
975 1408
976 1408
977 1408
978 1408
979 1408
980 1408
981 1408
982 1408
983 1408
984 1408
985 1408
986 1408
987 1408
988 1408
989 1408
990 1408
991 1408
992 1408
993 1408
994 1408
995 1408
996 1408
997 1408
998 1408
999 1408
1000 1408
1001 1408
1002 1408
1003 1408
1004 1408
1005 1408
1006 1408
1007 1408
1008 1408
1009 1408
1010 1408
1011 1408
1012 1408
1013 1408
1014 1408
1015 1408
1016 1408
1017 1408
1018 1408
1019 1408
1020 1408
1021 1408
1022 1408
1023 1408
1024 1408
1025 1408
1026 1408
1027 1408
1028 1408
1029 1408
1030 1408
1031 1408
1032 1408
1033 1408
1034 1408
1035 1408
1036 1408
1037 1408
1038 1408
1039 1408
1040 1408
1041 1408
1042 1408
1043 1408
1044 1408
1045 1408
1046 1408
1047 1408
1048 1408
1049 1408
1050 1408
1051 1408
1052 1408
1053 1408
1054 1408
1055 1408
1056 1408
1057 1408
1058 1408
1059 1408
1060 1408
1061 1408
1062 1408
1063 1408
1064 1408
1065 1408
1066 1408
1067 1408
1068 1408
1069 1408
1070 1408
1071 1408
1072 1408
1073 1408
1074 1408
1075 1408
1076 1408
1077 1408
1078 1408
1079 1408
1080 1408
1081 1408
1082 1408
1083 1408
1084 1408
1085 1408
1086 1408
1087 1408
1088 1408
1089 1408
1090 1408
1091 1408
1092 1408
1093 1408
1094 1408
1095 1408
1096 1408
1097 1408
1098 1408
1099 1408
1100 1408
1101 1408
1102 1408
1103 1408
1104 1408
1105 1408
1106 1408
1107 1408
1108 1408
1109 1408
1110 1408
1111 1408
1112 1408
1113 1408
1114 1408
1115 1408
1116 1408
1117 1408
1118 1408
1119 1408
1120 1408
1121 1408
1122 1408
1123 1408
1124 1408
1125 1408
1126 1408
1127 1408
1128 1408
1129 1408
1130 1408
1131 1408
1132 1408
1133 1408
1134 1408
1135 1408
1136 1408
1137 1408
1138 1408
1139 1408
1140 1408
1141 1408
1142 1408
1143 1408
1144 1408
1145 1408
1146 1408
1147 1408
1148 1408
1149 1408
1150 1408
1151 1408
1152 1408
1153 1408
1154 1408
1155 1408
1156 1408
1157 1408
1158 1408
1159 1408
1160 1408
1161 1408
1162 1408
1163 1408
1164 1408
1165 1408
1166 1408
1167 1408
1168 1408
1169 1408
1170 1408
1171 1408
1172 1408
1173 1408
1174 1408
1175 1408
1176 1408
1177 1408
1178 1408
1179 1408
1180 1408
1181 1408
1182 1408
1183 1408
1184 1408
1185 1408
1186 1408
1187 1408
1188 1408
1189 1408
1190 1408
1191 1408
1192 1408
1193 1408
1194 1408
1195 1408
1196 1408
1197 1408
1198 1408
1199 1408
1200 1408
1201 1408
1202 1408
1203 1408
1204 1408
1205 1408
1206 1408
1207 1408
1208 1408
1209 1408
1210 1408
1211 1408
1212 1408
1213 1408
1214 1408
1215 1408
1216 1408
1217 1408
1218 1408
1219 1408
1220 1408
1221 1408
1222 1408
1223 1408
1224 1408
1225 1408
1226 1408
1227 1408
1228 1408
1229 1408
1230 1408
1231 1408
1232 1408
1233 1408
1234 1408
1235 1408
1236 1408
1237 1408
1238 1408
1239 1408
1240 1408
1241 1408
1242 1408
1243 1408
1244 1408
1245 1408
1246 1408
1247 1408
1248 1408
1249 1408
1250 1408
1251 1408
1252 1408
1253 1408
1254 1408
1255 1408
1256 1408
1257 1408
1258 1408
1259 1408
1260 1408
1261 1408
1262 1408
1263 1408
1264 1408
1265 1408
1266 1408
1267 1408
1268 1408
1269 1408
1270 1408
1271 1408
1272 1408
1273 1408
1274 1408
1275 1408
1276 1408
1277 1408
1278 1408
1279 1408
1280 1408
1281 1408
1282 1408
1283 1408
1284 1408
1285 1408
1286 1408
1287 1408
1288 1408
1289 1408
1290 1408
1291 1408
1292 1408
1293 1408
1294 1408
1295 1408
1296 1408
1297 1408
1298 1408
1299 1408
1300 1408
1301 1408
1302 1408
1303 1408
1304 1408
1305 1408
1306 1408
1307 1408
1308 1408
1309 1408
1310 1408
1311 1408
1312 1408
1313 1408
1314 1408
1315 1408
1316 1408
1317 1408
1318 1408
1319 1408
1320 1408
1321 1408
1322 1408
1323 1408
1324 1408
1325 1408
1326 1408
1327 1408
1328 1408
1329 1408
1330 1408
1331 1408
1332 1408
1333 1408
1334 1408
1335 1408
1336 1408
1337 1408
1338 1408
1339 1408
1340 1408
1341 1408
1342 1408
1343 1408
1344 1408
1345 1408
1346 1408
1347 1408
1348 1408
1349 1408
1350 1408
1351 1408
1352 1408
1353 1408
1354 1408
1355 1408
1356 1408
1357 1408
1358 1408
1359 1408
1360 1408
1361 1408
1362 1408
1363 1408
1364 1408
1365 1408
1366 1408
1367 1408
1368 1408
1369 1408
1370 1408
1371 1408
1372 1408
1373 1408
1374 1408
1375 1408
1376 1408
1377 1408
1378 1408
1379 1408
1380 1408
1381 1408
1382 1408
1383 1408
1384 1408
1385 1408
1386 1408
1387 1408
1388 1408
1389 1408
1390 1408
1391 1408
1392 1408
1393 1408
1394 1408
1395 1408
1396 1408
1397 1408
1398 1408
1399 1408
1400 1408
1401 1408
1402 1408
1403 1408
1404 1408
1405 1408
1406 1408
1407 1408
1408 1408
1409 1408
1410 1408
1411 1408
1412 1408
1413 1408
1414 1408
1415 1408
1416 1408
1417 1408
1418 1408
1419 1408
1420 1408
1421 1408
1422 1408
1423 1408
1424 1408
1425 1408
1426 1408
1427 1408
1428 1408
1429 1408
1430 1408
1431 1408
1432 1408
1433 1408
1434 1408
1435 1408
1436 1408
1437 1408
1438 1408
1439 1408
1440 1408
1441 1408
1442 1408
1443 1408
1444 1408
1445 1408
1446 1408
1447 1408
1448 1408
1449 1408
1450 1408
1451 1408
1452 1408
1453 1408
1454 1408
1455 1408
1456 1408
1457 1408
1458 1408
1459 1408
1460 1408
1461 1408
1462 1408
1463 1408
1464 1408
1465 1408
1466 1408
1467 1408
1468 1408
1469 1408
1470 1408
1471 1408
1472 1408
1473 1408
1474 1408
1475 1408
1476 1408
1477 1408
1478 1408
1479 1408
1480 1408
1481 1408
1482 1408
1483 1408
1484 1408
1485 1408
1486 1408
1487 1408
1488 1408
1489 1408
1490 1408
1491 1408
1492 1408
1493 1408
1494 1408
1495 1408
1496 1408
1497 1408
1498 1408
1499 1408
1500 2626
1501 2626
1502 2626
1503 2626
1504 2626
1505 2626
1506 2626
1507 2626
1508 2626
1509 2626
1510 2626
1511 2626
1512 2626
1513 2626
1514 2626
1515 2626
1516 2626
1517 2626
1518 2626
1519 2626
1520 2626
1521 2626
1522 2626
1523 2626
1524 2626
1525 2626
1526 2626
1527 2626
1528 2626
1529 2626
1530 2626
1531 2626
1532 2626
1533 2626
1534 2626
1535 2626
1536 2626
1537 2626
1538 2626
1539 2626
1540 2626
1541 2626
1542 2626
1543 2626
1544 2626
1545 2626
1546 2626
1547 2626
1548 2626
1549 2626
1550 2626
1551 2626
1552 2626
1553 2626
1554 2626
1555 2626
1556 2626
1557 2626
1558 2626
1559 2626
1560 2626
1561 2626
1562 2626
1563 2626
1564 2626
1565 2626
1566 2626
1567 2626
1568 2626
1569 2626
1570 2626
1571 2626
1572 2626
1573 2626
1574 2626
1575 2626
1576 2626
1577 2626
1578 2626
1579 2626
1580 2626
1581 2626
1582 2626
1583 2626
1584 2626
1585 2626
1586 2626
1587 2626
1588 2626
1589 2626
1590 2626
1591 2626
1592 2626
1593 2626
1594 2626
1595 2626
1596 2626
1597 2626
1598 2626
1599 2626
1600 2626
1601 2626
1602 2626
1603 2626
1604 2626
1605 2626
1606 2626
1607 2626
1608 2626
1609 2626
1610 2626
1611 2626
1612 2626
1613 2626
1614 2626
1615 2626
1616 2626
1617 2626
1618 2626
1619 2626
1620 2626
1621 2626
1622 2626
1623 2626
1624 2626
1625 2626
1626 2626
1627 2626
1628 2626
1629 2626
1630 2626
1631 2626
1632 2626
1633 2626
1634 2626
1635 2626
1636 2626
1637 2626
1638 2626
1639 2626
1640 2626
1641 2626
1642 2626
1643 2626
1644 2626
1645 2626
1646 2626
1647 2626
1648 2626
1649 2626
1650 2626
1651 2626
1652 2626
1653 2626
1654 2626
1655 2626
1656 2626
1657 2626
1658 2626
1659 2626
1660 2626
1661 2626
1662 2626
1663 2626
1664 2626
1665 2626
1666 2626
1667 2626
1668 2626
1669 2626
1670 2626
1671 2626
1672 2626
1673 2626
1674 2626
1675 2626
1676 2626
1677 2626
1678 2626
1679 2626
1680 2626
1681 2626
1682 2626
1683 2626
1684 2626
1685 2626
1686 2626
1687 2626
1688 2626
1689 2626
1690 2626
1691 2626
1692 2626
1693 2626
1694 2626
1695 2626
1696 2626
1697 2626
1698 2626
1699 2626
1700 2626
1701 2626
1702 2626
1703 2626
1704 2626
1705 2626
1706 2626
1707 2626
1708 2626
1709 2626
1710 2626
1711 2626
1712 2626
1713 2626
1714 2626
1715 2626
1716 2626
1717 2626
1718 2626
1719 2626
1720 2626
1721 2626
1722 2626
1723 2626
1724 2626
1725 2626
1726 2626
1727 2626
1728 2626
1729 2626
1730 2626
1731 2626
1732 2626
1733 2626
1734 2626
1735 2626
1736 2626
1737 2626
1738 2626
1739 2626
1740 2626
1741 2626
1742 2626
1743 2626
1744 2626
1745 2626
1746 2626
1747 2626
1748 2626
1749 2626
1750 2626
1751 2626
1752 2626
1753 2626
1754 2626
1755 2626
1756 2626
1757 2626
1758 2626
1759 2626
1760 2626
1761 2626
1762 2626
1763 2626
1764 2626
1765 2626
1766 2626
1767 2626
1768 2626
1769 2626
1770 2626
1771 2626
1772 2626
1773 2626
1774 2626
1775 2626
1776 2626
1777 2626
1778 2626
1779 2626
1780 2626
1781 2626
1782 2626
1783 2626
1784 2626
1785 2626
1786 2626
1787 2626
1788 2626
1789 2626
1790 2626
1791 2626
1792 2626
1793 2626
1794 2626
1795 2626
1796 2626
1797 2626
1798 2626
1799 2626
1800 2626
1801 2626
1802 2626
1803 2626
1804 2626
1805 2626
1806 2626
1807 2626
1808 2626
1809 2626
1810 2626
1811 2626
1812 2626
1813 2626
1814 2626
1815 2626
1816 2626
1817 2626
1818 2626
1819 2626
1820 2626
1821 2626
1822 2626
1823 2626
1824 2626
1825 2626
1826 2626
1827 2626
1828 2626
1829 2626
1830 2626
1831 2626
1832 2626
1833 2626
1834 2626
1835 2626
1836 2626
1837 2626
1838 2626
1839 2626
1840 2626
1841 2626
1842 2626
1843 2626
1844 2626
1845 2626
1846 2626
1847 2626
1848 2626
1849 2626
1850 2626
1851 2626
1852 2626
1853 2626
1854 2626
1855 2626
1856 2626
1857 2626
1858 2626
1859 2626
1860 2626
1861 2626
1862 2626
1863 2626
1864 2626
1865 2626
1866 2626
1867 2626
1868 2626
1869 2626
1870 2626
1871 2626
1872 2626
1873 2626
1874 2626
1875 2626
1876 2626
1877 2626
1878 2626
1879 2626
1880 2626
1881 2626
1882 2626
1883 2626
1884 2626
1885 2626
1886 2626
1887 2626
1888 2626
1889 2626
1890 2626
1891 2626
1892 2626
1893 2626
1894 2626
1895 2626
1896 2626
1897 2626
1898 2626
1899 2626
1900 2626
1901 2626
1902 2626
1903 2626
1904 2626
1905 2626
1906 2626
1907 2626
1908 2626
1909 2626
1910 2626
1911 2626
1912 2626
1913 2626
1914 2626
1915 2626
1916 2626
1917 2626
1918 2626
1919 2626
1920 2626
1921 2626
1922 2626
1923 2626
1924 2626
1925 2626
1926 2626
1927 2626
1928 2626
1929 2626
1930 2626
1931 2626
1932 2626
1933 2626
1934 2626
1935 2626
1936 2626
1937 2626
1938 2626
1939 2626
1940 2626
1941 2626
1942 2626
1943 2626
1944 2626
1945 2626
1946 2626
1947 2626
1948 2626
1949 2626
1950 2626
1951 2626
1952 2626
1953 2626
1954 2626
1955 2626
1956 2626
1957 2626
1958 2626
1959 2626
1960 2626
1961 2626
1962 2626
1963 2626
1964 2626
1965 2626
1966 2626
1967 2626
1968 2626
1969 2626
1970 2626
1971 2626
1972 2626
1973 2626
1974 2626
1975 2626
1976 2626
1977 2626
1978 2626
1979 2626
1980 2626
1981 2626
1982 2626
1983 2626
1984 2626
1985 2626
1986 2626
1987 2626
1988 2626
1989 2626
1990 2626
1991 2626
1992 2626
1993 2626
1994 2626
1995 2626
1996 2626
1997 2626
1998 2626
1999 2626
2000 2626
2001 2626
2002 2626
2003 2626
2004 2626
2005 2626
2006 2626
2007 2626
2008 2626
2009 2626
2010 2626
2011 2626
2012 2626
2013 2626
2014 2626
2015 2626
2016 2626
2017 2626
2018 2626
2019 2626
2020 2626
2021 2626
2022 2626
2023 2626
2024 2626
2025 2626
2026 2626
2027 2626
2028 2626
2029 2626
2030 2626
2031 2626
2032 2626
2033 2626
2034 2626
2035 2626
2036 2626
2037 2626
2038 2626
2039 2626
2040 2626
2041 2626
2042 2626
2043 2626
2044 2626
2045 2626
2046 2626
2047 2626
2048 2626
2049 2626
2050 2626
2051 2626
2052 2626
2053 2626
2054 2626
2055 2626
2056 2626
2057 2626
2058 2626
2059 2626
2060 2626
2061 2626
2062 2626
2063 2626
2064 2626
2065 2626
2066 2626
2067 2626
2068 2626
2069 2626
2070 2626
2071 2626
2072 2626
2073 2626
2074 2626
2075 2626
2076 2626
2077 2626
2078 2626
2079 2626
2080 2626
2081 2626
2082 2626
2083 2626
2084 2626
2085 2626
2086 2626
2087 2626
2088 2626
2089 2626
2090 2626
2091 2626
2092 2626
2093 2626
2094 2626
2095 2626
2096 2626
2097 2626
2098 2626
2099 2626
2100 2626
2101 2626
2102 2626
2103 2626
2104 2626
2105 2626
2106 2626
2107 2626
2108 2626
2109 2626
2110 2626
2111 2626
2112 2626
2113 2626
2114 2626
2115 2626
2116 2626
2117 2626
2118 2626
2119 2626
2120 2626
2121 2626
2122 2626
2123 2626
2124 2626
2125 2626
2126 2626
2127 2626
2128 2626
2129 2626
2130 2626
2131 2626
2132 2626
2133 2626
2134 2626
2135 2626
2136 2626
2137 2626
2138 2626
2139 2626
2140 2626
2141 2626
2142 2626
2143 2626
2144 2626
2145 2626
2146 2626
2147 2626
2148 2626
2149 2626
2150 2626
2151 2626
2152 2626
2153 2626
2154 2626
2155 2626
2156 2626
2157 2626
2158 2626
2159 2626
2160 2626
2161 2626
2162 2626
2163 2626
2164 2626
2165 2626
2166 2626
2167 2626
2168 2626
2169 2626
2170 2626
2171 2626
2172 2626
2173 2626
2174 2626
2175 2626
2176 2626
2177 2626
2178 2626
2179 2626
2180 2626
2181 2626
2182 2626
2183 2626
2184 2626
2185 2626
2186 2626
2187 2626
2188 2626
2189 2626
2190 2626
2191 2626
2192 2626
2193 2626
2194 2626
2195 2626
2196 2626
2197 2626
2198 2626
2199 2626
2200 2626
2201 2626
2202 2626
2203 2626
2204 2626
2205 2626
2206 2626
2207 2626
2208 2626
2209 2626
2210 2626
2211 2626
2212 2626
2213 2626
2214 2626
2215 2626
2216 2626
2217 2626
2218 2626
2219 2626
2220 2626
2221 2626
2222 2626
2223 2626
2224 2626
2225 2626
2226 2626
2227 2626
2228 2626
2229 2626
2230 2626
2231 2626
2232 2626
2233 2626
2234 2626
2235 2626
2236 2626
2237 2626
2238 2626
2239 2626
2240 2626
2241 2626
2242 2626
2243 2626
2244 2626
2245 2626
2246 2626
2247 2626
2248 2626
2249 2626
2250 2626
2251 2626
2252 2626
2253 2626
2254 2626
2255 2626
2256 2626
2257 2626
2258 2626
2259 2626
2260 2626
2261 2626
2262 2626
2263 2626
2264 2626
2265 2626
2266 2626
2267 2626
2268 2626
2269 2626
2270 2626
2271 2626
2272 2626
2273 2626
2274 2626
2275 2626
2276 2626
2277 2626
2278 2626
2279 2626
2280 2626
2281 2626
2282 2626
2283 2626
2284 2626
2285 2626
2286 2626
2287 2626
2288 2626
2289 2626
2290 2626
2291 2626
2292 2626
2293 2626
2294 2626
2295 2626
2296 2626
2297 2626
2298 2626
2299 2626
2300 2626
2301 2626
2302 2626
2303 2626
2304 2626
2305 2626
2306 2626
2307 2626
2308 2626
2309 2626
2310 2626
2311 2626
2312 2626
2313 2626
2314 2626
2315 2626
2316 2626
2317 2626
2318 2626
2319 2626
2320 2626
2321 2626
2322 2626
2323 2626
2324 2626
2325 2626
2326 2626
2327 2626
2328 2626
2329 2626
2330 2626
2331 2626
2332 2626
2333 2626
2334 2626
2335 2626
2336 2626
2337 2626
2338 2626
2339 2626
2340 2626
2341 2626
2342 2626
2343 2626
2344 2626
2345 2626
2346 2626
2347 2626
2348 2626
2349 2626
2350 2626
2351 2626
2352 2626
2353 2626
2354 2626
2355 2626
2356 2626
2357 2626
2358 2626
2359 2626
2360 2626
2361 2626
2362 2626
2363 2626
2364 2626
2365 2626
2366 2626
2367 2626
2368 2626
2369 2626
2370 2626
2371 2626
2372 2626
2373 2626
2374 2626
2375 2626
2376 2626
2377 2626
2378 2626
2379 2626
2380 2626
2381 2626
2382 2626
2383 2626
2384 2626
2385 2626
2386 2626
2387 2626
2388 2626
2389 2626
2390 2626
2391 2626
2392 2626
2393 2626
2394 2626
2395 2626
2396 2626
2397 2626
2398 2626
2399 2626
2400 2626
2401 2626
2402 2626
2403 2626
2404 2626
2405 2626
2406 2626
2407 2626
2408 2626
2409 2626
2410 2626
2411 2626
2412 2626
2413 2626
2414 2626
2415 2626
2416 2626
2417 2626
2418 2626
2419 2626
2420 2626
2421 2626
2422 2626
2423 2626
2424 2626
2425 2626
2426 2626
2427 2626
2428 2626
2429 2626
2430 2626
2431 2626
2432 2626
2433 2626
2434 2626
2435 2626
2436 2626
2437 2626
2438 2626
2439 2626
2440 2626
2441 2626
2442 2626
2443 2626
2444 2626
2445 2626
2446 2626
2447 2626
2448 2626
2449 2626
2450 2626
2451 2626
2452 2626
2453 2626
2454 2626
2455 2626
2456 2626
2457 2626
2458 2626
2459 2626
2460 2626
2461 2626
2462 2626
2463 2626
2464 2626
2465 2626
2466 2626
2467 2626
2468 2626
2469 2626
2470 2626
2471 2626
2472 2626
2473 2626
2474 2626
2475 2626
2476 2626
2477 2626
2478 2626
2479 2626
2480 2626
2481 2626
2482 2626
2483 2626
2484 2626
2485 2626
2486 2626
2487 2626
2488 2626
2489 2626
2490 2626
2491 2626
2492 2626
2493 2626
2494 2626
2495 2626
2496 2626
2497 2626
2498 2626
2499 2626
2500 2626
2501 2626
2502 2626
2503 2626
2504 2626
2505 2626
2506 2626
2507 2626
2508 2626
2509 2626
2510 2626
2511 2626
2512 2626
2513 2626
2514 2626
2515 2626
2516 2626
2517 2626
2518 2626
2519 2626
2520 2626
2521 2626
2522 2626
2523 2626
2524 2626
2525 2626
2526 2626
2527 2626
2528 2626
2529 2626
2530 2626
2531 2626
2532 2626
2533 2626
2534 2626
2535 2626
2536 2626
2537 2626
2538 2626
2539 2626
2540 2626
2541 2626
2542 2626
2543 2626
2544 2626
2545 2626
2546 2626
2547 2626
2548 2626
2549 2626
2550 2626
2551 2626
2552 2626
2553 2626
2554 2626
2555 2626
2556 2626
2557 2626
2558 2626
2559 2626
2560 2626
2561 2626
2562 2626
2563 2626
2564 2626
2565 2626
2566 2626
2567 2626
2568 2626
2569 2626
2570 2626
2571 2626
2572 2626
2573 2626
2574 2626
2575 2626
2576 2626
2577 2626
2578 2626
2579 2626
2580 2626
2581 2626
2582 2626
2583 2626
2584 2626
2585 2626
2586 2626
2587 2626
2588 2626
2589 2626
2590 2626
2591 2626
2592 2626
2593 2626
2594 2626
2595 2626
2596 2626
2597 2626
2598 2626
2599 2626
2600 2626
2601 2626
2602 2626
2603 2626
2604 2626
2605 2626
2606 2626
2607 2626
2608 2626
2609 2626
2610 2626
2611 2626
2612 2626
2613 2626
2614 2626
2615 2626
2616 2626
2617 2626
2618 2626
2619 2626
2620 2626
2621 2626
2622 2626
2623 2626
2624 2626
2625 2626
2626 2626
2627 2626
2628 2626
2629 2626
2630 2626
2631 2626
2632 2626
2633 2626
2634 2626
2635 2626
2636 2626
2637 2626
2638 2626
2639 2626
2640 2626
2641 2626
2642 2626
2643 2626
2644 2626
2645 2626
2646 2626
2647 2626
2648 2626
2649 2626
2650 2626
2651 2626
2652 2626
2653 2626
2654 2626
2655 2626
2656 2626
2657 2626
2658 2626
2659 2626
2660 2626
2661 2626
2662 2626
2663 2626
2664 2626
2665 2626
2666 2626
2667 2626
2668 2626
2669 2626
2670 2626
2671 2626
2672 2626
2673 2626
2674 2626
2675 2626
2676 2626
2677 2626
2678 2626
2679 2626
2680 2626
2681 2626
2682 2626
2683 2626
2684 2626
2685 2626
2686 2626
2687 2626
2688 2626
2689 2626
2690 2626
2691 2626
2692 2626
2693 2626
2694 2626
2695 2626
2696 2626
2697 2626
2698 2626
2699 2626
2700 2626
2701 2626
2702 2626
2703 2626
2704 2626
2705 2626
2706 2626
2707 2626
2708 2626
2709 2626
2710 2626
2711 2626
2712 2626
2713 2626
2714 2626
2715 2626
2716 2626
2717 2626
2718 2626
2719 2626
2720 2626
2721 2626
2722 2626
2723 2626
2724 2626
2725 2626
2726 2626
2727 2626
2728 2626
2729 2626
2730 2626
2731 2626
2732 2626
2733 2626
2734 2626
2735 2626
2736 2626
2737 2626
2738 2626
2739 2626
2740 2626
2741 2626
2742 2626
2743 2626
2744 2626
2745 2626
2746 2626
2747 2626
2748 2626
2749 2626
2750 2626
2751 2626
2752 2626
2753 2626
2754 2626
2755 2626
2756 2626
2757 2626
2758 2626
2759 2626
2760 2626
2761 2626
2762 2626
2763 2626
2764 2626
2765 2626
2766 2626
2767 2626
2768 2626
2769 2626
2770 2626
2771 2626
2772 2626
2773 2626
2774 2626
2775 2626
2776 2626
2777 2626
2778 2626
2779 2626
2780 2626
2781 2626
2782 2626
2783 2626
2784 2626
2785 2626
2786 2626
2787 2626
2788 2626
2789 2626
2790 2626
2791 2626
2792 2626
2793 2626
2794 2626
2795 2626
2796 2626
2797 2626
2798 2626
2799 2626
2800 2626
2801 2626
2802 2626
2803 2626
2804 2626
2805 2626
2806 2626
2807 2626
2808 2626
2809 2626
2810 2626
2811 2626
2812 2626
2813 2626
2814 2626
2815 2626
2816 2626
2817 2626
2818 2626
2819 2626
2820 2626
2821 2626
2822 2626
2823 2626
2824 2626
2825 2626
2826 2626
2827 2626
2828 2626
2829 2626
2830 2626
2831 2626
2832 2626
2833 2626
2834 2626
2835 2626
2836 2626
2837 2626
2838 2626
2839 2626
2840 2626
2841 2626
2842 2626
2843 2626
2844 2626
2845 2626
2846 2626
2847 2626
2848 2626
2849 2626
2850 2626
2851 2626
2852 2626
2853 2626
2854 2626
2855 2626
2856 2626
2857 2626
2858 2626
2859 2626
2860 2626
2861 2626
2862 2626
2863 2626
2864 2626
2865 2626
2866 2626
2867 2626
2868 2626
2869 2626
2870 2626
2871 2626
2872 2626
2873 2626
2874 2626
2875 2626
2876 2626
2877 2626
2878 2626
2879 2626
2880 2626
2881 2626
2882 2626
2883 2626
2884 2626
2885 2626
2886 2626
2887 2626
2888 2626
2889 2626
2890 2626
2891 2626
2892 2626
2893 2626
2894 2626
2895 2626
2896 2626
2897 2626
2898 2626
2899 2626
2900 2626
2901 2626
2902 2626
2903 2626
2904 2626
2905 2626
2906 2626
2907 2626
2908 2626
2909 2626
2910 2626
2911 2626
2912 2626
2913 2626
2914 2626
2915 2626
2916 2626
2917 2626
2918 2626
2919 2626
2920 2626
2921 2626
2922 2626
2923 2626
2924 2626
2925 2626
2926 2626
2927 2626
2928 2626
2929 2626
2930 2626
2931 2626
2932 2626
2933 2626
2934 2626
2935 2626
2936 2626
2937 2626
2938 2626
2939 2626
2940 2626
2941 2626
2942 2626
2943 2626
2944 2626
2945 2626
2946 2626
2947 2626
2948 2626
2949 2626
2950 2626
2951 2626
2952 2626
2953 2626
2954 2626
2955 2626
2956 2626
2957 2626
2958 2626
2959 2626
2960 2626
2961 2626
2962 2626
2963 2626
2964 2626
2965 2626
2966 2626
2967 2626
2968 2626
2969 2626
2970 2626
2971 2626
2972 2626
2973 2626
2974 2626
2975 2626
2976 2626
2977 2626
2978 2626
2979 2626
2980 2626
2981 2626
2982 2626
2983 2626
2984 2626
2985 2626
2986 2626
2987 2626
2988 2626
2989 2626
2990 2626
2991 2626
2992 2626
2993 2626
2994 2626
2995 2626
2996 2626
2997 2626
2998 2626
2999 2626
3000 4421
3001 4421
3002 4421
3003 4421
3004 4421
3005 4421
3006 4421
3007 4421
3008 4421
3009 4421
3010 4421
3011 4421
3012 4421
3013 4421
3014 4421
3015 4421
3016 4421
3017 4421
3018 4421
3019 4421
3020 4421
3021 4421
3022 4421
3023 4421
3024 4421
3025 4421
3026 4421
3027 4421
3028 4421
3029 4421
3030 4421
3031 4421
3032 4421
3033 4421
3034 4421
3035 4421
3036 4421
3037 4421
3038 4421
3039 4421
3040 4421
3041 4421
3042 4421
3043 4421
3044 4421
3045 4421
3046 4421
3047 4421
3048 4421
3049 4421
3050 4421
3051 4421
3052 4421
3053 4421
3054 4421
3055 4421
3056 4421
3057 4421
3058 4421
3059 4421
3060 4421
3061 4421
3062 4421
3063 4421
3064 4421
3065 4421
3066 4421
3067 4421
3068 4421
3069 4421
3070 4421
3071 4421
3072 4421
3073 4421
3074 4421
3075 4421
3076 4421
3077 4421
3078 4421
3079 4421
3080 4421
3081 4421
3082 4421
3083 4421
3084 4421
3085 4421
3086 4421
3087 4421
3088 4421
3089 4421
3090 4421
3091 4421
3092 4421
3093 4421
3094 4421
3095 4421
3096 4421
3097 4421
3098 4421
3099 4421
3100 4421
3101 4421
3102 4421
3103 4421
3104 4421
3105 4421
3106 4421
3107 4421
3108 4421
3109 4421
3110 4421
3111 4421
3112 4421
3113 4421
3114 4421
3115 4421
3116 4421
3117 4421
3118 4421
3119 4421
3120 4421
3121 4421
3122 4421
3123 4421
3124 4421
3125 4421
3126 4421
3127 4421
3128 4421
3129 4421
3130 4421
3131 4421
3132 4421
3133 4421
3134 4421
3135 4421
3136 4421
3137 4421
3138 4421
3139 4421
3140 4421
3141 4421
3142 4421
3143 4421
3144 4421
3145 4421
3146 4421
3147 4421
3148 4421
3149 4421
3150 4421
3151 4421
3152 4421
3153 4421
3154 4421
3155 4421
3156 4421
3157 4421
3158 4421
3159 4421
3160 4421
3161 4421
3162 4421
3163 4421
3164 4421
3165 4421
3166 4421
3167 4421
3168 4421
3169 4421
3170 4421
3171 4421
3172 4421
3173 4421
3174 4421
3175 4421
3176 4421
3177 4421
3178 4421
3179 4421
3180 4421
3181 4421
3182 4421
3183 4421
3184 4421
3185 4421
3186 4421
3187 4421
3188 4421
3189 4421
3190 4421
3191 4421
3192 4421
3193 4421
3194 4421
3195 4421
3196 4421
3197 4421
3198 4421
3199 4421
3200 4421
3201 4421
3202 4421
3203 4421
3204 4421
3205 4421
3206 4421
3207 4421
3208 4421
3209 4421
3210 4421
3211 4421
3212 4421
3213 4421
3214 4421
3215 4421
3216 4421
3217 4421
3218 4421
3219 4421
3220 4421
3221 4421
3222 4421
3223 4421
3224 4421
3225 4421
3226 4421
3227 4421
3228 4421
3229 4421
3230 4421
3231 4421
3232 4421
3233 4421
3234 4421
3235 4421
3236 4421
3237 4421
3238 4421
3239 4421
3240 4421
3241 4421
3242 4421
3243 4421
3244 4421
3245 4421
3246 4421
3247 4421
3248 4421
3249 4421
3250 4421
3251 4421
3252 4421
3253 4421
3254 4421
3255 4421
3256 4421
3257 4421
3258 4421
3259 4421
3260 4421
3261 4421
3262 4421
3263 4421
3264 4421
3265 4421
3266 4421
3267 4421
3268 4421
3269 4421
3270 4421
3271 4421
3272 4421
3273 4421
3274 4421
3275 4421
3276 4421
3277 4421
3278 4421
3279 4421
3280 4421
3281 4421
3282 4421
3283 4421
3284 4421
3285 4421
3286 4421
3287 4421
3288 4421
3289 4421
3290 4421
3291 4421
3292 4421
3293 4421
3294 4421
3295 4421
3296 4421
3297 4421
3298 4421
3299 4421
3300 4421
3301 4421
3302 4421
3303 4421
3304 4421
3305 4421
3306 4421
3307 4421
3308 4421
3309 4421
3310 4421
3311 4421
3312 4421
3313 4421
3314 4421
3315 4421
3316 4421
3317 4421
3318 4421
3319 4421
3320 4421
3321 4421
3322 4421
3323 4421
3324 4421
3325 4421
3326 4421
3327 4421
3328 4421
3329 4421
3330 4421
3331 4421
3332 4421
3333 4421
3334 4421
3335 4421
3336 4421
3337 4421
3338 4421
3339 4421
3340 4421
3341 4421
3342 4421
3343 4421
3344 4421
3345 4421
3346 4421
3347 4421
3348 4421
3349 4421
3350 4421
3351 4421
3352 4421
3353 4421
3354 4421
3355 4421
3356 4421
3357 4421
3358 4421
3359 4421
3360 4421
3361 4421
3362 4421
3363 4421
3364 4421
3365 4421
3366 4421
3367 4421
3368 4421
3369 4421
3370 4421
3371 4421
3372 4421
3373 4421
3374 4421
3375 4421
3376 4421
3377 4421
3378 4421
3379 4421
3380 4421
3381 4421
3382 4421
3383 4421
3384 4421
3385 4421
3386 4421
3387 4421
3388 4421
3389 4421
3390 4421
3391 4421
3392 4421
3393 4421
3394 4421
3395 4421
3396 4421
3397 4421
3398 4421
3399 4421
3400 4421
3401 4421
3402 4421
3403 4421
3404 4421
3405 4421
3406 4421
3407 4421
3408 4421
3409 4421
3410 4421
3411 4421
3412 4421
3413 4421
3414 4421
3415 4421
3416 4421
3417 4421
3418 4421
3419 4421
3420 4421
3421 4421
3422 4421
3423 4421
3424 4421
3425 4421
3426 4421
3427 4421
3428 4421
3429 4421
3430 4421
3431 4421
3432 4421
3433 4421
3434 4421
3435 4421
3436 4421
3437 4421
3438 4421
3439 4421
3440 4421
3441 4421
3442 4421
3443 4421
3444 4421
3445 4421
3446 4421
3447 4421
3448 4421
3449 4421
3450 4421
3451 4421
3452 4421
3453 4421
3454 4421
3455 4421
3456 4421
3457 4421
3458 4421
3459 4421
3460 4421
3461 4421
3462 4421
3463 4421
3464 4421
3465 4421
3466 4421
3467 4421
3468 4421
3469 4421
3470 4421
3471 4421
3472 4421
3473 4421
3474 4421
3475 4421
3476 4421
3477 4421
3478 4421
3479 4421
3480 4421
3481 4421
3482 4421
3483 4421
3484 4421
3485 4421
3486 4421
3487 4421
3488 4421
3489 4421
3490 4421
3491 4421
3492 4421
3493 4421
3494 4421
3495 4421
3496 4421
3497 4421
3498 4421
3499 4421
3500 4421
3501 4421
3502 4421
3503 4421
3504 4421
3505 4421
3506 4421
3507 4421
3508 4421
3509 4421
3510 4421
3511 4421
3512 4421
3513 4421
3514 4421
3515 4421
3516 4421
3517 4421
3518 4421
3519 4421
3520 4421
3521 4421
3522 4421
3523 4421
3524 4421
3525 4421
3526 4421
3527 4421
3528 4421
3529 4421
3530 4421
3531 4421
3532 4421
3533 4421
3534 4421
3535 4421
3536 4421
3537 4421
3538 4421
3539 4421
3540 4421
3541 4421
3542 4421
3543 4421
3544 4421
3545 4421
3546 4421
3547 4421
3548 4421
3549 4421
3550 4421
3551 4421
3552 4421
3553 4421
3554 4421
3555 4421
3556 4421
3557 4421
3558 4421
3559 4421
3560 4421
3561 4421
3562 4421
3563 4421
3564 4421
3565 4421
3566 4421
3567 4421
3568 4421
3569 4421
3570 4421
3571 4421
3572 4421
3573 4421
3574 4421
3575 4421
3576 4421
3577 4421
3578 4421
3579 4421
3580 4421
3581 4421
3582 4421
3583 4421
3584 4421
3585 4421
3586 4421
3587 4421
3588 4421
3589 4421
3590 4421
3591 4421
3592 4421
3593 4421
3594 4421
3595 4421
3596 4421
3597 4421
3598 4421
3599 4421
3600 4421
3601 4421
3602 4421
3603 4421
3604 4421
3605 4421
3606 4421
3607 4421
3608 4421
3609 4421
3610 4421
3611 4421
3612 4421
3613 4421
3614 4421
3615 4421
3616 4421
3617 4421
3618 4421
3619 4421
3620 4421
3621 4421
3622 4421
3623 4421
3624 4421
3625 4421
3626 4421
3627 4421
3628 4421
3629 4421
3630 4421
3631 4421
3632 4421
3633 4421
3634 4421
3635 4421
3636 4421
3637 4421
3638 4421
3639 4421
3640 4421
3641 4421
3642 4421
3643 4421
3644 4421
3645 4421
3646 4421
3647 4421
3648 4421
3649 4421
3650 4421
3651 4421
3652 4421
3653 4421
3654 4421
3655 4421
3656 4421
3657 4421
3658 4421
3659 4421
3660 4421
3661 4421
3662 4421
3663 4421
3664 4421
3665 4421
3666 4421
3667 4421
3668 4421
3669 4421
3670 4421
3671 4421
3672 4421
3673 4421
3674 4421
3675 4421
3676 4421
3677 4421
3678 4421
3679 4421
3680 4421
3681 4421
3682 4421
3683 4421
3684 4421
3685 4421
3686 4421
3687 4421
3688 4421
3689 4421
3690 4421
3691 4421
3692 4421
3693 4421
3694 4421
3695 4421
3696 4421
3697 4421
3698 4421
3699 4421
3700 4421
3701 4421
3702 4421
3703 4421
3704 4421
3705 4421
3706 4421
3707 4421
3708 4421
3709 4421
3710 4421
3711 4421
3712 4421
3713 4421
3714 4421
3715 4421
3716 4421
3717 4421
3718 4421
3719 4421
3720 4421
3721 4421
3722 4421
3723 4421
3724 4421
3725 4421
3726 4421
3727 4421
3728 4421
3729 4421
3730 4421
3731 4421
3732 4421
3733 4421
3734 4421
3735 4421
3736 4421
3737 4421
3738 4421
3739 4421
3740 4421
3741 4421
3742 4421
3743 4421
3744 4421
3745 4421
3746 4421
3747 4421
3748 4421
3749 4421
3750 4421
3751 4421
3752 4421
3753 4421
3754 4421
3755 4421
3756 4421
3757 4421
3758 4421
3759 4421
3760 4421
3761 4421
3762 4421
3763 4421
3764 4421
3765 4421
3766 4421
3767 4421
3768 4421
3769 4421
3770 4421
3771 4421
3772 4421
3773 4421
3774 4421
3775 4421
3776 4421
3777 4421
3778 4421
3779 4421
3780 4421
3781 4421
3782 4421
3783 4421
3784 4421
3785 4421
3786 4421
3787 4421
3788 4421
3789 4421
3790 4421
3791 4421
3792 4421
3793 4421
3794 4421
3795 4421
3796 4421
3797 4421
3798 4421
3799 4421
3800 4421
3801 4421
3802 4421
3803 4421
3804 4421
3805 4421
3806 4421
3807 4421
3808 4421
3809 4421
3810 4421
3811 4421
3812 4421
3813 4421
3814 4421
3815 4421
3816 4421
3817 4421
3818 4421
3819 4421
3820 4421
3821 4421
3822 4421
3823 4421
3824 4421
3825 4421
3826 4421
3827 4421
3828 4421
3829 4421
3830 4421
3831 4421
3832 4421
3833 4421
3834 4421
3835 4421
3836 4421
3837 4421
3838 4421
3839 4421
3840 4421
3841 4421
3842 4421
3843 4421
3844 4421
3845 4421
3846 4421
3847 4421
3848 4421
3849 4421
3850 4421
3851 4421
3852 4421
3853 4421
3854 4421
3855 4421
3856 4421
3857 4421
3858 4421
3859 4421
3860 4421
3861 4421
3862 4421
3863 4421
3864 4421
3865 4421
3866 4421
3867 4421
3868 4421
3869 4421
3870 4421
3871 4421
3872 4421
3873 4421
3874 4421
3875 4421
3876 4421
3877 4421
3878 4421
3879 4421
3880 4421
3881 4421
3882 4421
3883 4421
3884 4421
3885 4421
3886 4421
3887 4421
3888 4421
3889 4421
3890 4421
3891 4421
3892 4421
3893 4421
3894 4421
3895 4421
3896 4421
3897 4421
3898 4421
3899 4421
3900 4421
3901 4421
3902 4421
3903 4421
3904 4421
3905 4421
3906 4421
3907 4421
3908 4421
3909 4421
3910 4421
3911 4421
3912 4421
3913 4421
3914 4421
3915 4421
3916 4421
3917 4421
3918 4421
3919 4421
3920 4421
3921 4421
3922 4421
3923 4421
3924 4421
3925 4421
3926 4421
3927 4421
3928 4421
3929 4421
3930 4421
3931 4421
3932 4421
3933 4421
3934 4421
3935 4421
3936 4421
3937 4421
3938 4421
3939 4421
3940 4421
3941 4421
3942 4421
3943 4421
3944 4421
3945 4421
3946 4421
3947 4421
3948 4421
3949 4421
3950 4421
3951 4421
3952 4421
3953 4421
3954 4421
3955 4421
3956 4421
3957 4421
3958 4421
3959 4421
3960 4421
3961 4421
3962 4421
3963 4421
3964 4421
3965 4421
3966 4421
3967 4421
3968 4421
3969 4421
3970 4421
3971 4421
3972 4421
3973 4421
3974 4421
3975 4421
3976 4421
3977 4421
3978 4421
3979 4421
3980 4421
3981 4421
3982 4421
3983 4421
3984 4421
3985 4421
3986 4421
3987 4421
3988 4421
3989 4421
3990 4421
3991 4421
3992 4421
3993 4421
3994 4421
3995 4421
3996 4421
3997 4421
3998 4421
3999 4421
4000 4421
4001 4421
4002 4421
4003 4421
4004 4421
4005 4421
4006 4421
4007 4421
4008 4421
4009 4421
4010 4421
4011 4421
4012 4421
4013 4421
4014 4421
4015 4421
4016 4421
4017 4421
4018 4421
4019 4421
4020 4421
4021 4421
4022 4421
4023 4421
4024 4421
4025 4421
4026 4421
4027 4421
4028 4421
4029 4421
4030 4421
4031 4421
4032 4421
4033 4421
4034 4421
4035 4421
4036 4421
4037 4421
4038 4421
4039 4421
4040 4421
4041 4421
4042 4421
4043 4421
4044 4421
4045 4421
4046 4421
4047 4421
4048 4421
4049 4421
4050 4421
4051 4421
4052 4421
4053 4421
4054 4421
4055 4421
4056 4421
4057 4421
4058 4421
4059 4421
4060 4421
4061 4421
4062 4421
4063 4421
4064 4421
4065 4421
4066 4421
4067 4421
4068 4421
4069 4421
4070 4421
4071 4421
4072 4421
4073 4421
4074 4421
4075 4421
4076 4421
4077 4421
4078 4421
4079 4421
4080 4421
4081 4421
4082 4421
4083 4421
4084 4421
4085 4421
4086 4421
4087 4421
4088 4421
4089 4421
4090 4421
4091 4421
4092 4421
4093 4421
4094 4421
4095 4421
4096 4421
4097 4421
4098 4421
4099 4421
4100 4421
4101 4421
4102 4421
4103 4421
4104 4421
4105 4421
4106 4421
4107 4421
4108 4421
4109 4421
4110 4421
4111 4421
4112 4421
4113 4421
4114 4421
4115 4421
4116 4421
4117 4421
4118 4421
4119 4421
4120 4421
4121 4421
4122 4421
4123 4421
4124 4421
4125 4421
4126 4421
4127 4421
4128 4421
4129 4421
4130 4421
4131 4421
4132 4421
4133 4421
4134 4421
4135 4421
4136 4421
4137 4421
4138 4421
4139 4421
4140 4421
4141 4421
4142 4421
4143 4421
4144 4421
4145 4421
4146 4421
4147 4421
4148 4421
4149 4421
4150 4421
4151 4421
4152 4421
4153 4421
4154 4421
4155 4421
4156 4421
4157 4421
4158 4421
4159 4421
4160 4421
4161 4421
4162 4421
4163 4421
4164 4421
4165 4421
4166 4421
4167 4421
4168 4421
4169 4421
4170 4421
4171 4421
4172 4421
4173 4421
4174 4421
4175 4421
4176 4421
4177 4421
4178 4421
4179 4421
4180 4421
4181 4421
4182 4421
4183 4421
4184 4421
4185 4421
4186 4421
4187 4421
4188 4421
4189 4421
4190 4421
4191 4421
4192 4421
4193 4421
4194 4421
4195 4421
4196 4421
4197 4421
4198 4421
4199 4421
4200 4421
4201 4421
4202 4421
4203 4421
4204 4421
4205 4421
4206 4421
4207 4421
4208 4421
4209 4421
4210 4421
4211 4421
4212 4421
4213 4421
4214 4421
4215 4421
4216 4421
4217 4421
4218 4421
4219 4421
4220 4421
4221 4421
4222 4421
4223 4421
4224 4421
4225 4421
4226 4421
4227 4421
4228 4421
4229 4421
4230 4421
4231 4421
4232 4421
4233 4421
4234 4421
4235 4421
4236 4421
4237 4421
4238 4421
4239 4421
4240 4421
4241 4421
4242 4421
4243 4421
4244 4421
4245 4421
4246 4421
4247 4421
4248 4421
4249 4421
4250 4421
4251 4421
4252 4421
4253 4421
4254 4421
4255 4421
4256 4421
4257 4421
4258 4421
4259 4421
4260 4421
4261 4421
4262 4421
4263 4421
4264 4421
4265 4421
4266 4421
4267 4421
4268 4421
4269 4421
4270 4421
4271 4421
4272 4421
4273 4421
4274 4421
4275 4421
4276 4421
4277 4421
4278 4421
4279 4421
4280 4421
4281 4421
4282 4421
4283 4421
4284 4421
4285 4421
4286 4421
4287 4421
4288 4421
4289 4421
4290 4421
4291 4421
4292 4421
4293 4421
4294 4421
4295 4421
4296 4421
4297 4421
4298 4421
4299 4421
4300 4421
4301 4421
4302 4421
4303 4421
4304 4421
4305 4421
4306 4421
4307 4421
4308 4421
4309 4421
4310 4421
4311 4421
4312 4421
4313 4421
4314 4421
4315 4421
4316 4421
4317 4421
4318 4421
4319 4421
4320 4421
4321 4421
4322 4421
4323 4421
4324 4421
4325 4421
4326 4421
4327 4421
4328 4421
4329 4421
4330 4421
4331 4421
4332 4421
4333 4421
4334 4421
4335 4421
4336 4421
4337 4421
4338 4421
4339 4421
4340 4421
4341 4421
4342 4421
4343 4421
4344 4421
4345 4421
4346 4421
4347 4421
4348 4421
4349 4421
4350 4421
4351 4421
4352 4421
4353 4421
4354 4421
4355 4421
4356 4421
4357 4421
4358 4421
4359 4421
4360 4421
4361 4421
4362 4421
4363 4421
4364 4421
4365 4421
4366 4421
4367 4421
4368 4421
4369 4421
4370 4421
4371 4421
4372 4421
4373 4421
4374 4421
4375 4421
4376 4421
4377 4421
4378 4421
4379 4421
4380 4421
4381 4421
4382 4421
4383 4421
4384 4421
4385 4421
4386 4421
4387 4421
4388 4421
4389 4421
4390 4421
4391 4421
4392 4421
4393 4421
4394 4421
4395 4421
4396 4421
4397 4421
4398 4421
4399 4421
4400 4421
4401 4421
4402 4421
4403 4421
4404 4421
4405 4421
4406 4421
4407 4421
4408 4421
4409 4421
4410 4421
4411 4421
4412 4421
4413 4421
4414 4421
4415 4421
4416 4421
4417 4421
4418 4421
4419 4421
4420 4421
4421 4421
4422 4421
4423 4421
4424 4421
4425 4421
4426 4421
4427 4421
4428 4421
4429 4421
4430 4421
4431 4421
4432 4421
4433 4421
4434 4421
4435 4421
4436 4421
4437 4421
4438 4421
4439 4421
4440 4421
4441 4421
4442 4421
4443 4421
4444 4421
4445 4421
4446 4421
4447 4421
4448 4421
4449 4421
4450 4421
4451 4421
4452 4421
4453 4421
4454 4421
4455 4421
4456 4421
4457 4421
4458 4421
4459 4421
4460 4421
4461 4421
4462 4421
4463 4421
4464 4421
4465 4421
4466 4421
4467 4421
4468 4421
4469 4421
4470 4421
4471 4421
4472 4421
4473 4421
4474 4421
4475 4421
4476 4421
4477 4421
4478 4421
4479 4421
4480 4421
4481 4421
4482 4421
4483 4421
4484 4421
4485 4421
4486 4421
4487 4421
4488 4421
4489 4421
4490 4421
4491 4421
4492 4421
4493 4421
4494 4421
4495 4421
4496 4421
4497 4421
4498 4421
4499 4421
4500 5347
4501 5347
4502 5347
4503 5347
4504 5347
4505 5347
4506 5347
4507 5347
4508 5347
4509 5347
4510 5347
4511 5347
4512 5347
4513 5347
4514 5347
4515 5347
4516 5347
4517 5347
4518 5347
4519 5347
4520 5347
4521 5347
4522 5347
4523 5347
4524 5347
4525 5347
4526 5347
4527 5347
4528 5347
4529 5347
4530 5347
4531 5347
4532 5347
4533 5347
4534 5347
4535 5347
4536 5347
4537 5347
4538 5347
4539 5347
4540 5347
4541 5347
4542 5347
4543 5347
4544 5347
4545 5347
4546 5347
4547 5347
4548 5347
4549 5347
4550 5347
4551 5347
4552 5347
4553 5347
4554 5347
4555 5347
4556 5347
4557 5347
4558 5347
4559 5347
4560 5347
4561 5347
4562 5347
4563 5347
4564 5347
4565 5347
4566 5347
4567 5347
4568 5347
4569 5347
4570 5347
4571 5347
4572 5347
4573 5347
4574 5347
4575 5347
4576 5347
4577 5347
4578 5347
4579 5347
4580 5347
4581 5347
4582 5347
4583 5347
4584 5347
4585 5347
4586 5347
4587 5347
4588 5347
4589 5347
4590 5347
4591 5347
4592 5347
4593 5347
4594 5347
4595 5347
4596 5347
4597 5347
4598 5347
4599 5347
4600 5347
4601 5347
4602 5347
4603 5347
4604 5347
4605 5347
4606 5347
4607 5347
4608 5347
4609 5347
4610 5347
4611 5347
4612 5347
4613 5347
4614 5347
4615 5347
4616 5347
4617 5347
4618 5347
4619 5347
4620 5347
4621 5347
4622 5347
4623 5347
4624 5347
4625 5347
4626 5347
4627 5347
4628 5347
4629 5347
4630 5347
4631 5347
4632 5347
4633 5347
4634 5347
4635 5347
4636 5347
4637 5347
4638 5347
4639 5347
4640 5347
4641 5347
4642 5347
4643 5347
4644 5347
4645 5347
4646 5347
4647 5347
4648 5347
4649 5347
4650 5347
4651 5347
4652 5347
4653 5347
4654 5347
4655 5347
4656 5347
4657 5347
4658 5347
4659 5347
4660 5347
4661 5347
4662 5347
4663 5347
4664 5347
4665 5347
4666 5347
4667 5347
4668 5347
4669 5347
4670 5347
4671 5347
4672 5347
4673 5347
4674 5347
4675 5347
4676 5347
4677 5347
4678 5347
4679 5347
4680 5347
4681 5347
4682 5347
4683 5347
4684 5347
4685 5347
4686 5347
4687 5347
4688 5347
4689 5347
4690 5347
4691 5347
4692 5347
4693 5347
4694 5347
4695 5347
4696 5347
4697 5347
4698 5347
4699 5347
4700 5347
4701 5347
4702 5347
4703 5347
4704 5347
4705 5347
4706 5347
4707 5347
4708 5347
4709 5347
4710 5347
4711 5347
4712 5347
4713 5347
4714 5347
4715 5347
4716 5347
4717 5347
4718 5347
4719 5347
4720 5347
4721 5347
4722 5347
4723 5347
4724 5347
4725 5347
4726 5347
4727 5347
4728 5347
4729 5347
4730 5347
4731 5347
4732 5347
4733 5347
4734 5347
4735 5347
4736 5347
4737 5347
4738 5347
4739 5347
4740 5347
4741 5347
4742 5347
4743 5347
4744 5347
4745 5347
4746 5347
4747 5347
4748 5347
4749 5347
4750 5347
4751 5347
4752 5347
4753 5347
4754 5347
4755 5347
4756 5347
4757 5347
4758 5347
4759 5347
4760 5347
4761 5347
4762 5347
4763 5347
4764 5347
4765 5347
4766 5347
4767 5347
4768 5347
4769 5347
4770 5347
4771 5347
4772 5347
4773 5347
4774 5347
4775 5347
4776 5347
4777 5347
4778 5347
4779 5347
4780 5347
4781 5347
4782 5347
4783 5347
4784 5347
4785 5347
4786 5347
4787 5347
4788 5347
4789 5347
4790 5347
4791 5347
4792 5347
4793 5347
4794 5347
4795 5347
4796 5347
4797 5347
4798 5347
4799 5347
4800 5347
4801 5347
4802 5347
4803 5347
4804 5347
4805 5347
4806 5347
4807 5347
4808 5347
4809 5347
4810 5347
4811 5347
4812 5347
4813 5347
4814 5347
4815 5347
4816 5347
4817 5347
4818 5347
4819 5347
4820 5347
4821 5347
4822 5347
4823 5347
4824 5347
4825 5347
4826 5347
4827 5347
4828 5347
4829 5347
4830 5347
4831 5347
4832 5347
4833 5347
4834 5347
4835 5347
4836 5347
4837 5347
4838 5347
4839 5347
4840 5347
4841 5347
4842 5347
4843 5347
4844 5347
4845 5347
4846 5347
4847 5347
4848 5347
4849 5347
4850 5347
4851 5347
4852 5347
4853 5347
4854 5347
4855 5347
4856 5347
4857 5347
4858 5347
4859 5347
4860 5347
4861 5347
4862 5347
4863 5347
4864 5347
4865 5347
4866 5347
4867 5347
4868 5347
4869 5347
4870 5347
4871 5347
4872 5347
4873 5347
4874 5347
4875 5347
4876 5347
4877 5347
4878 5347
4879 5347
4880 5347
4881 5347
4882 5347
4883 5347
4884 5347
4885 5347
4886 5347
4887 5347
4888 5347
4889 5347
4890 5347
4891 5347
4892 5347
4893 5347
4894 5347
4895 5347
4896 5347
4897 5347
4898 5347
4899 5347
4900 5347
4901 5347
4902 5347
4903 5347
4904 5347
4905 5347
4906 5347
4907 5347
4908 5347
4909 5347
4910 5347
4911 5347
4912 5347
4913 5347
4914 5347
4915 5347
4916 5347
4917 5347
4918 5347
4919 5347
4920 5347
4921 5347
4922 5347
4923 5347
4924 5347
4925 5347
4926 5347
4927 5347
4928 5347
4929 5347
4930 5347
4931 5347
4932 5347
4933 5347
4934 5347
4935 5347
4936 5347
4937 5347
4938 5347
4939 5347
4940 5347
4941 5347
4942 5347
4943 5347
4944 5347
4945 5347
4946 5347
4947 5347
4948 5347
4949 5347
4950 5347
4951 5347
4952 5347
4953 5347
4954 5347
4955 5347
4956 5347
4957 5347
4958 5347
4959 5347
4960 5347
4961 5347
4962 5347
4963 5347
4964 5347
4965 5347
4966 5347
4967 5347
4968 5347
4969 5347
4970 5347
4971 5347
4972 5347
4973 5347
4974 5347
4975 5347
4976 5347
4977 5347
4978 5347
4979 5347
4980 5347
4981 5347
4982 5347
4983 5347
4984 5347
4985 5347
4986 5347
4987 5347
4988 5347
4989 5347
4990 5347
4991 5347
4992 5347
4993 5347
4994 5347
4995 5347
4996 5347
4997 5347
4998 5347
4999 5347
5000 5347
5001 5347
5002 5347
5003 5347
5004 5347
5005 5347
5006 5347
5007 5347
5008 5347
5009 5347
5010 5347
5011 5347
5012 5347
5013 5347
5014 5347
5015 5347
5016 5347
5017 5347
5018 5347
5019 5347
5020 5347
5021 5347
5022 5347
5023 5347
5024 5347
5025 5347
5026 5347
5027 5347
5028 5347
5029 5347
5030 5347
5031 5347
5032 5347
5033 5347
5034 5347
5035 5347
5036 5347
5037 5347
5038 5347
5039 5347
5040 5347
5041 5347
5042 5347
5043 5347
5044 5347
5045 5347
5046 5347
5047 5347
5048 5347
5049 5347
5050 5347
5051 5347
5052 5347
5053 5347
5054 5347
5055 5347
5056 5347
5057 5347
5058 5347
5059 5347
5060 5347
5061 5347
5062 5347
5063 5347
5064 5347
5065 5347
5066 5347
5067 5347
5068 5347
5069 5347
5070 5347
5071 5347
5072 5347
5073 5347
5074 5347
5075 5347
5076 5347
5077 5347
5078 5347
5079 5347
5080 5347
5081 5347
5082 5347
5083 5347
5084 5347
5085 5347
5086 5347
5087 5347
5088 5347
5089 5347
5090 5347
5091 5347
5092 5347
5093 5347
5094 5347
5095 5347
5096 5347
5097 5347
5098 5347
5099 5347
5100 5347
5101 5347
5102 5347
5103 5347
5104 5347
5105 5347
5106 5347
5107 5347
5108 5347
5109 5347
5110 5347
5111 5347
5112 5347
5113 5347
5114 5347
5115 5347
5116 5347
5117 5347
5118 5347
5119 5347
5120 5347
5121 5347
5122 5347
5123 5347
5124 5347
5125 5347
5126 5347
5127 5347
5128 5347
5129 5347
5130 5347
5131 5347
5132 5347
5133 5347
5134 5347
5135 5347
5136 5347
5137 5347
5138 5347
5139 5347
5140 5347
5141 5347
5142 5347
5143 5347
5144 5347
5145 5347
5146 5347
5147 5347
5148 5347
5149 5347
5150 5347
5151 5347
5152 5347
5153 5347
5154 5347
5155 5347
5156 5347
5157 5347
5158 5347
5159 5347
5160 5347
5161 5347
5162 5347
5163 5347
5164 5347
5165 5347
5166 5347
5167 5347
5168 5347
5169 5347
5170 5347
5171 5347
5172 5347
5173 5347
5174 5347
5175 5347
5176 5347
5177 5347
5178 5347
5179 5347
5180 5347
5181 5347
5182 5347
5183 5347
5184 5347
5185 5347
5186 5347
5187 5347
5188 5347
5189 5347
5190 5347
5191 5347
5192 5347
5193 5347
5194 5347
5195 5347
5196 5347
5197 5347
5198 5347
5199 5347
5200 5347
5201 5347
5202 5347
5203 5347
5204 5347
5205 5347
5206 5347
5207 5347
5208 5347
5209 5347
5210 5347
5211 5347
5212 5347
5213 5347
5214 5347
5215 5347
5216 5347
5217 5347
5218 5347
5219 5347
5220 5347
5221 5347
5222 5347
5223 5347
5224 5347
5225 5347
5226 5347
5227 5347
5228 5347
5229 5347
5230 5347
5231 5347
5232 5347
5233 5347
5234 5347
5235 5347
5236 5347
5237 5347
5238 5347
5239 5347
5240 5347
5241 5347
5242 5347
5243 5347
5244 5347
5245 5347
5246 5347
5247 5347
5248 5347
5249 5347
5250 5347
5251 5347
5252 5347
5253 5347
5254 5347
5255 5347
5256 5347
5257 5347
5258 5347
5259 5347
5260 5347
5261 5347
5262 5347
5263 5347
5264 5347
5265 5347
5266 5347
5267 5347
5268 5347
5269 5347
5270 5347
5271 5347
5272 5347
5273 5347
5274 5347
5275 5347
5276 5347
5277 5347
5278 5347
5279 5347
5280 5347
5281 5347
5282 5347
5283 5347
5284 5347
5285 5347
5286 5347
5287 5347
5288 5347
5289 5347
5290 5347
5291 5347
5292 5347
5293 5347
5294 5347
5295 5347
5296 5347
5297 5347
5298 5347
5299 5347
5300 5347
5301 5347
5302 5347
5303 5347
5304 5347
5305 5347
5306 5347
5307 5347
5308 5347
5309 5347
5310 5347
5311 5347
5312 5347
5313 5347
5314 5347
5315 5347
5316 5347
5317 5347
5318 5347
5319 5347
5320 5347
5321 5347
5322 5347
5323 5347
5324 5347
5325 5347
5326 5347
5327 5347
5328 5347
5329 5347
5330 5347
5331 5347
5332 5347
5333 5347
5334 5347
5335 5347
5336 5347
5337 5347
5338 5347
5339 5347
5340 5347
5341 5347
5342 5347
5343 5347
5344 5347
5345 5347
5346 5347
5347 5347
5348 5347
5349 5347
5350 5347
5351 5347
5352 5347
5353 5347
5354 5347
5355 5347
5356 5347
5357 5347
5358 5347
5359 5347
5360 5347
5361 5347
5362 5347
5363 5347
5364 5347
5365 5347
5366 5347
5367 5347
5368 5347
5369 5347
5370 5347
5371 5347
5372 5347
5373 5347
5374 5347
5375 5347
5376 5347
5377 5347
5378 5347
5379 5347
5380 5347
5381 5347
5382 5347
5383 5347
5384 5347
5385 5347
5386 5347
5387 5347
5388 5347
5389 5347
5390 5347
5391 5347
5392 5347
5393 5347
5394 5347
5395 5347
5396 5347
5397 5347
5398 5347
5399 5347
5400 5347
5401 5347
5402 5347
5403 5347
5404 5347
5405 5347
5406 5347
5407 5347
5408 5347
5409 5347
5410 5347
5411 5347
5412 5347
5413 5347
5414 5347
5415 5347
5416 5347
5417 5347
5418 5347
5419 5347
5420 5347
5421 5347
5422 5347
5423 5347
5424 5347
5425 5347
5426 5347
5427 5347
5428 5347
5429 5347
5430 5347
5431 5347
5432 5347
5433 5347
5434 5347
5435 5347
5436 5347
5437 5347
5438 5347
5439 5347
5440 5347
5441 5347
5442 5347
5443 5347
5444 5347
5445 5347
5446 5347
5447 5347
5448 5347
5449 5347
5450 5347
5451 5347
5452 5347
5453 5347
5454 5347
5455 5347
5456 5347
5457 5347
5458 5347
5459 5347
5460 5347
5461 5347
5462 5347
5463 5347
5464 5347
5465 5347
5466 5347
5467 5347
5468 5347
5469 5347
5470 5347
5471 5347
5472 5347
5473 5347
5474 5347
5475 5347
5476 5347
5477 5347
5478 5347
5479 5347
5480 5347
5481 5347
5482 5347
5483 5347
5484 5347
5485 5347
5486 5347
5487 5347
5488 5347
5489 5347
5490 5347
5491 5347
5492 5347
5493 5347
5494 5347
5495 5347
5496 5347
5497 5347
5498 5347
5499 5347
5500 5347
5501 5347
5502 5347
5503 5347
5504 5347
5505 5347
5506 5347
5507 5347
5508 5347
5509 5347
5510 5347
5511 5347
5512 5347
5513 5347
5514 5347
5515 5347
5516 5347
5517 5347
5518 5347
5519 5347
5520 5347
5521 5347
5522 5347
5523 5347
5524 5347
5525 5347
5526 5347
5527 5347
5528 5347
5529 5347
5530 5347
5531 5347
5532 5347
5533 5347
5534 5347
5535 5347
5536 5347
5537 5347
5538 5347
5539 5347
5540 5347
5541 5347
5542 5347
5543 5347
5544 5347
5545 5347
5546 5347
5547 5347
5548 5347
5549 5347
5550 5347
5551 5347
5552 5347
5553 5347
5554 5347
5555 5347
5556 5347
5557 5347
5558 5347
5559 5347
5560 5347
5561 5347
5562 5347
5563 5347
5564 5347
5565 5347
5566 5347
5567 5347
5568 5347
5569 5347
5570 5347
5571 5347
5572 5347
5573 5347
5574 5347
5575 5347
5576 5347
5577 5347
5578 5347
5579 5347
5580 5347
5581 5347
5582 5347
5583 5347
5584 5347
5585 5347
5586 5347
5587 5347
5588 5347
5589 5347
5590 5347
5591 5347
5592 5347
5593 5347
5594 5347
5595 5347
5596 5347
5597 5347
5598 5347
5599 5347
5600 5347
5601 5347
5602 5347
5603 5347
5604 5347
5605 5347
5606 5347
5607 5347
5608 5347
5609 5347
5610 5347
5611 5347
5612 5347
5613 5347
5614 5347
5615 5347
5616 5347
5617 5347
5618 5347
5619 5347
5620 5347
5621 5347
5622 5347
5623 5347
5624 5347
5625 5347
5626 5347
5627 5347
5628 5347
5629 5347
5630 5347
5631 5347
5632 5347
5633 5347
5634 5347
5635 5347
5636 5347
5637 5347
5638 5347
5639 5347
5640 5347
5641 5347
5642 5347
5643 5347
5644 5347
5645 5347
5646 5347
5647 5347
5648 5347
5649 5347
5650 5347
5651 5347
5652 5347
5653 5347
5654 5347
5655 5347
5656 5347
5657 5347
5658 5347
5659 5347
5660 5347
5661 5347
5662 5347
5663 5347
5664 5347
5665 5347
5666 5347
5667 5347
5668 5347
5669 5347
5670 5347
5671 5347
5672 5347
5673 5347
5674 5347
5675 5347
5676 5347
5677 5347
5678 5347
5679 5347
5680 5347
5681 5347
5682 5347
5683 5347
5684 5347
5685 5347
5686 5347
5687 5347
5688 5347
5689 5347
5690 5347
5691 5347
5692 5347
5693 5347
5694 5347
5695 5347
5696 5347
5697 5347
5698 5347
5699 5347
5700 5347
5701 5347
5702 5347
5703 5347
5704 5347
5705 5347
5706 5347
5707 5347
5708 5347
5709 5347
5710 5347
5711 5347
5712 5347
5713 5347
5714 5347
5715 5347
5716 5347
5717 5347
5718 5347
5719 5347
5720 5347
5721 5347
5722 5347
5723 5347
5724 5347
5725 5347
5726 5347
5727 5347
5728 5347
5729 5347
5730 5347
5731 5347
5732 5347
5733 5347
5734 5347
5735 5347
5736 5347
5737 5347
5738 5347
5739 5347
5740 5347
5741 5347
5742 5347
5743 5347
5744 5347
5745 5347
5746 5347
5747 5347
5748 5347
5749 5347
5750 5347
5751 5347
5752 5347
5753 5347
5754 5347
5755 5347
5756 5347
5757 5347
5758 5347
5759 5347
5760 5347
5761 5347
5762 5347
5763 5347
5764 5347
5765 5347
5766 5347
5767 5347
5768 5347
5769 5347
5770 5347
5771 5347
5772 5347
5773 5347
5774 5347
5775 5347
5776 5347
5777 5347
5778 5347
5779 5347
5780 5347
5781 5347
5782 5347
5783 5347
5784 5347
5785 5347
5786 5347
5787 5347
5788 5347
5789 5347
5790 5347
5791 5347
5792 5347
5793 5347
5794 5347
5795 5347
5796 5347
5797 5347
5798 5347
5799 5347
5800 5347
5801 5347
5802 5347
5803 5347
5804 5347
5805 5347
5806 5347
5807 5347
5808 5347
5809 5347
5810 5347
5811 5347
5812 5347
5813 5347
5814 5347
5815 5347
5816 5347
5817 5347
5818 5347
5819 5347
5820 5347
5821 5347
5822 5347
5823 5347
5824 5347
5825 5347
5826 5347
5827 5347
5828 5347
5829 5347
5830 5347
5831 5347
5832 5347
5833 5347
5834 5347
5835 5347
5836 5347
5837 5347
5838 5347
5839 5347
5840 5347
5841 5347
5842 5347
5843 5347
5844 5347
5845 5347
5846 5347
5847 5347
5848 5347
5849 5347
5850 5347
5851 5347
5852 5347
5853 5347
5854 5347
5855 5347
5856 5347
5857 5347
5858 5347
5859 5347
5860 5347
5861 5347
5862 5347
5863 5347
5864 5347
5865 5347
5866 5347
5867 5347
5868 5347
5869 5347
5870 5347
5871 5347
5872 5347
5873 5347
5874 5347
5875 5347
5876 5347
5877 5347
5878 5347
5879 5347
5880 5347
5881 5347
5882 5347
5883 5347
5884 5347
5885 5347
5886 5347
5887 5347
5888 5347
5889 5347
5890 5347
5891 5347
5892 5347
5893 5347
5894 5347
5895 5347
5896 5347
5897 5347
5898 5347
5899 5347
5900 5347
5901 5347
5902 5347
5903 5347
5904 5347
5905 5347
5906 5347
5907 5347
5908 5347
5909 5347
5910 5347
5911 5347
5912 5347
5913 5347
5914 5347
5915 5347
5916 5347
5917 5347
5918 5347
5919 5347
5920 5347
5921 5347
5922 5347
5923 5347
5924 5347
5925 5347
5926 5347
5927 5347
5928 5347
5929 5347
5930 5347
5931 5347
5932 5347
5933 5347
5934 5347
5935 5347
5936 5347
5937 5347
5938 5347
5939 5347
5940 5347
5941 5347
5942 5347
5943 5347
5944 5347
5945 5347
5946 5347
5947 5347
5948 5347
5949 5347
5950 5347
5951 5347
5952 5347
5953 5347
5954 5347
5955 5347
5956 5347
5957 5347
5958 5347
5959 5347
5960 5347
5961 5347
5962 5347
5963 5347
5964 5347
5965 5347
5966 5347
5967 5347
5968 5347
5969 5347
5970 5347
5971 5347
5972 5347
5973 5347
5974 5347
5975 5347
5976 5347
5977 5347
5978 5347
5979 5347
5980 5347
5981 5347
5982 5347
5983 5347
5984 5347
5985 5347
5986 5347
5987 5347
5988 5347
5989 5347
5990 5347
5991 5347
5992 5347
5993 5347
5994 5347
5995 5347
5996 5347
5997 5347
5998 5347
5999 5347
