0 74
1 74
2 74
3 74
4 74
5 74
6 74
7 74
8 74
9 74
10 74
11 74
12 74
13 74
14 74
15 74
16 74
17 74
18 74
19 74
20 74
21 74
22 74
23 74
24 74
25 74
26 74
27 74
28 74
29 74
30 74
31 74
32 74
33 74
34 74
35 74
36 74
37 74
38 74
39 74
40 74
41 74
42 74
43 74
44 74
45 74
46 74
47 74
48 74
49 74
50 74
51 74
52 74
53 74
54 74
55 74
56 74
57 74
58 74
59 74
60 74
61 74
62 74
63 74
64 74
65 74
66 74
67 74
68 74
69 74
70 74
71 74
72 74
73 74
74 74
75 74
76 74
77 74
78 74
79 74
80 74
81 74
82 74
83 74
84 74
85 74
86 74
87 74
88 74
89 74
90 74
91 74
92 74
93 74
94 74
95 74
96 74
97 74
98 74
99 74
100 149
101 149
102 149
103 149
104 149
105 149
106 149
107 149
108 149
109 149
110 149
111 149
112 149
113 149
114 149
115 149
116 149
117 149
118 149
119 149
120 149
121 149
122 149
123 149
124 149
125 149
126 149
127 149
128 149
129 149
130 149
131 149
132 149
133 149
134 149
135 149
136 149
137 149
138 149
139 149
140 149
141 149
142 149
143 149
144 149
145 149
146 149
147 149
148 149
149 149
150 149
151 149
152 149
153 149
154 149
155 149
156 149
157 149
158 149
159 149
160 149
161 149
162 149
163 149
164 149
165 149
166 149
167 149
168 149
169 149
170 149
171 149
172 149
173 149
174 149
175 149
176 149
177 149
178 149
179 149
180 149
181 149
182 149
183 149
184 149
185 149
186 149
187 149
188 149
189 149
190 149
191 149
192 149
193 149
194 149
195 149
196 149
197 149
198 149
199 149
200 258
201 258
202 258
203 258
204 258
205 258
206 258
207 258
208 258
209 258
210 258
211 258
212 258
213 258
214 258
215 258
216 258
217 258
218 258
219 258
220 258
221 258
222 258
223 258
224 258
225 258
226 258
227 258
228 258
229 258
230 258
231 258
232 258
233 258
234 258
235 258
236 258
237 258
238 258
239 258
240 258
241 258
242 258
243 258
244 258
245 258
246 258
247 258
248 258
249 258
250 258
251 258
252 258
253 258
254 258
255 258
256 258
257 258
258 258
259 258
260 258
261 258
262 258
263 258
264 258
265 258
266 258
267 258
268 258
269 258
270 258
271 258
272 258
273 258
274 258
275 258
276 258
277 258
278 258
279 258
280 258
281 258
282 258
283 258
284 258
285 258
286 258
287 258
288 258
289 258
290 258
291 258
292 258
293 258
294 258
295 258
296 258
297 258
298 258
299 258
300 149
301 149
302 149
303 149
304 149
305 149
306 149
307 149
308 149
309 149
310 149
311 149
312 149
313 149
314 149
315 149
316 149
317 149
318 149
319 149
320 149
321 149
322 149
323 149
324 149
325 149
326 149
327 149
328 149
329 149
330 149
331 149
332 149
333 149
334 149
335 149
336 149
337 149
338 149
339 149
340 149
341 149
342 149
343 149
344 149
345 149
346 149
347 149
348 149
349 149
350 149
351 149
352 149
353 149
354 149
355 149
356 149
357 149
358 149
359 149
360 149
361 149
362 149
363 149
364 149
365 149
366 149
367 149
368 149
369 149
370 149
371 149
372 149
373 149
374 149
375 149
376 149
377 149
378 149
379 149
380 149
381 149
382 149
383 149
384 149
385 149
386 149
387 149
388 149
389 149
390 149
391 149
392 149
393 149
394 149
395 149
396 149
397 149
398 149
399 149
