0 1
1 1
2 1
3 1
4 1
5 1
6 1
7 1
8 1
9 1
10 1
11 1
12 1
13 1
14 1
15 1
16 1
17 1
18 1
19 1
20 1
21 1
22 1
23 1
24 1
25 1
26 1
27 1
28 1
29 1
30 1
31 1
32 1
33 1
34 1
35 1
36 1
37 1
38 1
39 1
40 1
41 1
42 1
43 1
44 1
45 1
46 1
47 1
48 1
49 1
50 1
51 1
52 1
53 1
54 1
55 1
56 1
57 1
58 1
59 1
60 1
61 1
62 1
63 1
64 1
65 1
66 1
67 1
68 1
69 1
70 1
71 1
72 1
73 1
74 1
75 1
76 1
77 1
78 1
79 1
80 1
81 1
82 1
83 1
84 1
85 1
86 1
87 1
88 1
89 1
90 1
91 1
92 1
93 1
94 1
95 1
96 1
97 1
98 1
99 1
100 166
101 166
102 166
103 166
104 166
105 166
106 166
107 166
108 166
109 166
110 166
111 166
112 166
113 166
114 166
115 166
116 166
117 166
118 166
119 166
120 166
121 166
122 166
123 166
124 166
125 166
126 166
127 166
128 166
129 166
130 166
131 166
132 166
133 166
134 166
135 166
136 166
137 166
138 166
139 166
140 166
141 166
142 166
143 166
144 166
145 166
146 166
147 166
148 166
149 166
150 166
151 166
152 166
153 166
154 166
155 166
156 166
157 166
158 166
159 166
160 166
161 166
162 166
163 166
164 166
165 166
166 166
167 166
168 166
169 166
170 166
171 166
172 166
173 166
174 166
175 166
176 166
177 166
178 166
179 166
180 166
181 166
182 166
183 166
184 166
185 166
186 166
187 166
188 166
189 166
190 166
191 166
192 166
193 166
194 166
195 166
196 166
197 166
198 166
199 166
200 245
201 245
202 245
203 245
204 245
205 245
206 245
207 245
208 245
209 245
210 245
211 245
212 245
213 245
214 245
215 245
216 245
217 245
218 245
219 245
220 245
221 245
222 245
223 245
224 245
225 245
226 245
227 245
228 245
229 245
230 245
231 245
232 245
233 245
234 245
235 245
236 245
237 245
238 245
239 245
240 245
241 245
242 245
243 245
244 245
245 245
246 245
247 245
248 245
249 245
250 245
251 245
252 245
253 245
254 245
255 245
256 245
257 245
258 245
259 245
260 245
261 245
262 245
263 245
264 245
265 245
266 245
267 245
268 245
269 245
270 245
271 245
272 245
273 245
274 245
275 245
276 245
277 245
278 245
279 245
280 245
281 245
282 245
283 245
284 245
285 245
286 245
287 245
288 245
289 245
290 245
291 245
292 245
293 245
294 245
295 245
296 245
297 245
298 245
299 245
300 379
301 379
302 379
303 379
304 379
305 379
306 379
307 379
308 379
309 379
310 379
311 379
312 379
313 379
314 379
315 379
316 379
317 379
318 379
319 379
320 379
321 379
322 379
323 379
324 379
325 379
326 379
327 379
328 379
329 379
330 379
331 379
332 379
333 379
334 379
335 379
336 379
337 379
338 379
339 379
340 379
341 379
342 379
343 379
344 379
345 379
346 379
347 379
348 379
349 379
350 379
351 379
352 379
353 379
354 379
355 379
356 379
357 379
358 379
359 379
360 379
361 379
362 379
363 379
364 379
365 379
366 379
367 379
368 379
369 379
370 379
371 379
372 379
373 379
374 379
375 379
376 379
377 379
378 379
379 379
380 379
381 379
382 379
383 379
384 379
385 379
386 379
387 379
388 379
389 379
390 379
391 379
392 379
393 379
394 379
395 379
396 379
397 379
398 379
399 379
