0 28
1 28
2 28
3 28
4 28
5 28
6 28
7 28
8 28
9 28
10 28
11 28
12 28
13 28
14 28
15 28
16 28
17 28
18 28
19 28
20 28
21 28
22 28
23 28
24 28
25 28
26 28
27 28
28 28
29 28
30 28
31 28
32 28
33 28
34 28
35 28
36 28
37 28
38 28
39 28
40 28
41 28
42 28
43 28
44 28
45 28
46 28
47 28
48 28
49 28
50 28
51 28
52 28
53 28
54 28
55 28
56 28
57 28
58 28
59 28
60 28
61 28
62 28
63 28
64 28
65 28
66 28
67 28
68 28
69 28
70 28
71 28
72 28
73 28
74 28
75 28
76 28
77 28
78 28
79 28
80 28
81 28
82 28
83 28
84 28
85 28
86 28
87 28
88 28
89 28
90 28
91 28
92 28
93 28
94 28
95 28
96 28
97 28
98 28
99 28
100 28
101 28
102 28
103 28
104 28
105 28
106 28
107 28
108 28
109 28
110 28
111 28
112 28
113 28
114 28
115 28
116 28
117 28
118 28
119 28
120 28
121 28
122 28
123 28
124 28
125 28
126 28
127 28
128 28
129 28
130 28
131 28
132 28
133 28
134 28
135 28
136 28
137 28
138 28
139 28
140 28
141 28
142 28
143 28
144 28
145 28
146 28
147 28
148 28
149 28
150 28
151 28
152 28
153 28
154 28
155 28
156 28
157 28
158 28
159 28
160 28
161 28
162 28
163 28
164 28
165 28
166 28
167 28
168 28
169 28
170 28
171 28
172 28
173 28
174 28
175 28
176 28
177 28
178 28
179 28
180 28
181 28
182 28
183 28
184 28
185 28
186 28
187 28
188 28
189 28
190 28
191 28
192 28
193 28
194 28
195 28
196 28
197 28
198 28
199 28
200 28
201 28
202 28
203 28
204 28
205 28
206 28
207 28
208 28
209 28
210 28
211 28
212 28
213 28
214 28
215 28
216 28
217 28
218 28
219 28
220 28
221 28
222 28
223 28
224 28
225 28
226 28
227 28
228 28
229 28
230 28
231 28
232 28
233 28
234 28
235 28
236 28
237 28
238 28
239 28
240 28
241 28
242 28
243 28
244 28
245 28
246 28
247 28
248 28
249 28
250 28
251 28
252 28
253 28
254 28
255 28
256 28
257 28
258 28
259 28
260 28
261 28
262 28
263 28
264 28
265 28
266 28
267 28
268 28
269 28
270 28
271 28
272 28
273 28
274 28
275 28
276 28
277 28
278 28
279 28
280 28
281 28
282 28
283 28
284 28
285 28
286 28
287 28
288 28
289 28
290 28
291 28
292 28
293 28
294 28
295 28
296 28
297 28
298 28
299 28
300 28
301 28
302 28
303 28
304 28
305 28
306 28
307 28
308 28
309 28
310 28
311 28
312 28
313 28
314 28
315 28
316 28
317 28
318 28
319 28
320 28
321 28
322 28
323 28
324 28
325 28
326 28
327 28
328 28
329 28
330 28
331 28
332 28
333 28
334 28
335 28
336 28
337 28
338 28
339 28
340 28
341 28
342 28
343 28
344 28
345 28
346 28
347 28
348 28
349 28
350 28
351 28
352 28
353 28
354 28
355 28
356 28
357 28
358 28
359 28
360 28
361 28
362 28
363 28
364 28
365 28
366 28
367 28
368 28
369 28
370 28
371 28
372 28
373 28
374 28
375 28
376 28
377 28
378 28
379 28
380 28
381 28
382 28
383 28
384 28
385 28
386 28
387 28
388 28
389 28
390 28
391 28
392 28
393 28
394 28
395 28
396 28
397 28
398 28
399 28
400 28
401 28
402 28
403 28
404 28
405 28
406 28
407 28
408 28
409 28
410 28
411 28
412 28
413 28
414 28
415 28
416 28
417 28
418 28
419 28
420 28
421 28
422 28
423 28
424 28
425 28
426 28
427 28
428 28
429 28
430 28
431 28
432 28
433 28
434 28
435 28
436 28
437 28
438 28
439 28
440 28
441 28
442 28
443 28
444 28
445 28
446 28
447 28
448 28
449 28
450 28
451 28
452 28
453 28
454 28
455 28
456 28
457 28
458 28
459 28
460 28
461 28
462 28
463 28
464 28
465 28
466 28
467 28
468 28
469 28
470 28
471 28
472 28
473 28
474 28
475 28
476 28
477 28
478 28
479 28
480 28
481 28
482 28
483 28
484 28
485 28
486 28
487 28
488 28
489 28
490 28
491 28
492 28
493 28
494 28
495 28
496 28
497 28
498 28
499 28
500 528
501 528
502 528
503 528
504 528
505 528
506 528
507 528
508 528
509 528
510 528
511 528
512 528
513 528
514 528
515 528
516 528
517 528
518 528
519 528
520 528
521 528
522 528
523 528
524 528
525 528
526 528
527 528
528 528
529 528
530 528
531 528
532 528
533 528
534 528
535 528
536 528
537 528
538 528
539 528
540 528
541 528
542 528
543 528
544 528
545 528
546 528
547 528
548 528
549 528
550 528
551 528
552 528
553 528
554 528
555 528
556 528
557 528
558 528
559 528
560 528
561 528
562 528
563 528
564 528
565 528
566 528
567 528
568 528
569 528
570 528
571 528
572 528
573 528
574 528
575 528
576 528
577 528
578 528
579 528
580 528
581 528
582 528
583 528
584 528
585 528
586 528
587 528
588 528
589 528
590 528
591 528
592 528
593 528
594 528
595 528
596 528
597 528
598 528
599 528
600 528
601 528
602 528
603 528
604 528
605 528
606 528
607 528
608 528
609 528
610 528
611 528
612 528
613 528
614 528
615 528
616 528
617 528
618 528
619 528
620 528
621 528
622 528
623 528
624 528
625 528
626 528
627 528
628 528
629 528
630 528
631 528
632 528
633 528
634 528
635 528
636 528
637 528
638 528
639 528
640 528
641 528
642 528
643 528
644 528
645 528
646 528
647 528
648 528
649 528
650 528
651 528
652 528
653 528
654 528
655 528
656 528
657 528
658 528
659 528
660 528
661 528
662 528
663 528
664 528
665 528
666 528
667 528
668 528
669 528
670 528
671 528
672 528
673 528
674 528
675 528
676 528
677 528
678 528
679 528
680 528
681 528
682 528
683 528
684 528
685 528
686 528
687 528
688 528
689 528
690 528
691 528
692 528
693 528
694 528
695 528
696 528
697 528
698 528
699 528
700 528
701 528
702 528
703 528
704 528
705 528
706 528
707 528
708 528
709 528
710 528
711 528
712 528
713 528
714 528
715 528
716 528
717 528
718 528
719 528
720 528
721 528
722 528
723 528
724 528
725 528
726 528
727 528
728 528
729 528
730 528
731 528
732 528
733 528
734 528
735 528
736 528
737 528
738 528
739 528
740 528
741 528
742 528
743 528
744 528
745 528
746 528
747 528
748 528
749 528
750 528
751 528
752 528
753 528
754 528
755 528
756 528
757 528
758 528
759 528
760 528
761 528
762 528
763 528
764 528
765 528
766 528
767 528
768 528
769 528
770 528
771 528
772 528
773 528
774 528
775 528
776 528
777 528
778 528
779 528
780 528
781 528
782 528
783 528
784 528
785 528
786 528
787 528
788 528
789 528
790 528
791 528
792 528
793 528
794 528
795 528
796 528
797 528
798 528
799 528
800 528
801 528
802 528
803 528
804 528
805 528
806 528
807 528
808 528
809 528
810 528
811 528
812 528
813 528
814 528
815 528
816 528
817 528
818 528
819 528
820 528
821 528
822 528
823 528
824 528
825 528
826 528
827 528
828 528
829 528
830 528
831 528
832 528
833 528
834 528
835 528
836 528
837 528
838 528
839 528
840 528
841 528
842 528
843 528
844 528
845 528
846 528
847 528
848 528
849 528
850 528
851 528
852 528
853 528
854 528
855 528
856 528
857 528
858 528
859 528
860 528
861 528
862 528
863 528
864 528
865 528
866 528
867 528
868 528
869 528
870 528
871 528
872 528
873 528
874 528
875 528
876 528
877 528
878 528
879 528
880 528
881 528
882 528
883 528
884 528
885 528
886 528
887 528
888 528
889 528
890 528
891 528
892 528
893 528
894 528
895 528
896 528
897 528
898 528
899 528
900 528
901 528
902 528
903 528
904 528
905 528
906 528
907 528
908 528
909 528
910 528
911 528
912 528
913 528
914 528
915 528
916 528
917 528
918 528
919 528
920 528
921 528
922 528
923 528
924 528
925 528
926 528
927 528
928 528
929 528
930 528
931 528
932 528
933 528
934 528
935 528
936 528
937 528
938 528
939 528
940 528
941 528
942 528
943 528
944 528
945 528
946 528
947 528
948 528
949 528
950 528
951 528
952 528
953 528
954 528
955 528
956 528
957 528
958 528
959 528
960 528
961 528
962 528
963 528
964 528
965 528
966 528
967 528
968 528
969 528
970 528
971 528
972 528
973 528
974 528
975 528
976 528
977 528
978 528
979 528
980 528
981 528
982 528
983 528
984 528
985 528
986 528
987 528
988 528
989 528
990 528
991 528
992 528
993 528
994 528
995 528
996 528
997 528
998 528
999 528
1000 1098
1001 1098
1002 1098
1003 1098
1004 1098
1005 1098
1006 1098
1007 1098
1008 1098
1009 1098
1010 1098
1011 1098
1012 1098
1013 1098
1014 1098
1015 1098
1016 1098
1017 1098
1018 1098
1019 1098
1020 1098
1021 1098
1022 1098
1023 1098
1024 1098
1025 1098
1026 1098
1027 1098
1028 1098
1029 1098
1030 1098
1031 1098
1032 1098
1033 1098
1034 1098
1035 1098
1036 1098
1037 1098
1038 1098
1039 1098
1040 1098
1041 1098
1042 1098
1043 1098
1044 1098
1045 1098
1046 1098
1047 1098
1048 1098
1049 1098
1050 1098
1051 1098
1052 1098
1053 1098
1054 1098
1055 1098
1056 1098
1057 1098
1058 1098
1059 1098
1060 1098
1061 1098
1062 1098
1063 1098
1064 1098
1065 1098
1066 1098
1067 1098
1068 1098
1069 1098
1070 1098
1071 1098
1072 1098
1073 1098
1074 1098
1075 1098
1076 1098
1077 1098
1078 1098
1079 1098
1080 1098
1081 1098
1082 1098
1083 1098
1084 1098
1085 1098
1086 1098
1087 1098
1088 1098
1089 1098
1090 1098
1091 1098
1092 1098
1093 1098
1094 1098
1095 1098
1096 1098
1097 1098
1098 1098
1099 1098
1100 1098
1101 1098
1102 1098
1103 1098
1104 1098
1105 1098
1106 1098
1107 1098
1108 1098
1109 1098
1110 1098
1111 1098
1112 1098
1113 1098
1114 1098
1115 1098
1116 1098
1117 1098
1118 1098
1119 1098
1120 1098
1121 1098
1122 1098
1123 1098
1124 1098
1125 1098
1126 1098
1127 1098
1128 1098
1129 1098
1130 1098
1131 1098
1132 1098
1133 1098
1134 1098
1135 1098
1136 1098
1137 1098
1138 1098
1139 1098
1140 1098
1141 1098
1142 1098
1143 1098
1144 1098
1145 1098
1146 1098
1147 1098
1148 1098
1149 1098
1150 1098
1151 1098
1152 1098
1153 1098
1154 1098
1155 1098
1156 1098
1157 1098
1158 1098
1159 1098
1160 1098
1161 1098
1162 1098
1163 1098
1164 1098
1165 1098
1166 1098
1167 1098
1168 1098
1169 1098
1170 1098
1171 1098
1172 1098
1173 1098
1174 1098
1175 1098
1176 1098
1177 1098
1178 1098
1179 1098
1180 1098
1181 1098
1182 1098
1183 1098
1184 1098
1185 1098
1186 1098
1187 1098
1188 1098
1189 1098
1190 1098
1191 1098
1192 1098
1193 1098
1194 1098
1195 1098
1196 1098
1197 1098
1198 1098
1199 1098
1200 1098
1201 1098
1202 1098
1203 1098
1204 1098
1205 1098
1206 1098
1207 1098
1208 1098
1209 1098
1210 1098
1211 1098
1212 1098
1213 1098
1214 1098
1215 1098
1216 1098
1217 1098
1218 1098
1219 1098
1220 1098
1221 1098
1222 1098
1223 1098
1224 1098
1225 1098
1226 1098
1227 1098
1228 1098
1229 1098
1230 1098
1231 1098
1232 1098
1233 1098
1234 1098
1235 1098
1236 1098
1237 1098
1238 1098
1239 1098
1240 1098
1241 1098
1242 1098
1243 1098
1244 1098
1245 1098
1246 1098
1247 1098
1248 1098
1249 1098
1250 1098
1251 1098
1252 1098
1253 1098
1254 1098
1255 1098
1256 1098
1257 1098
1258 1098
1259 1098
1260 1098
1261 1098
1262 1098
1263 1098
1264 1098
1265 1098
1266 1098
1267 1098
1268 1098
1269 1098
1270 1098
1271 1098
1272 1098
1273 1098
1274 1098
1275 1098
1276 1098
1277 1098
1278 1098
1279 1098
1280 1098
1281 1098
1282 1098
1283 1098
1284 1098
1285 1098
1286 1098
1287 1098
1288 1098
1289 1098
1290 1098
1291 1098
1292 1098
1293 1098
1294 1098
1295 1098
1296 1098
1297 1098
1298 1098
1299 1098
1300 1098
1301 1098
1302 1098
1303 1098
1304 1098
1305 1098
1306 1098
1307 1098
1308 1098
1309 1098
1310 1098
1311 1098
1312 1098
1313 1098
1314 1098
1315 1098
1316 1098
1317 1098
1318 1098
1319 1098
1320 1098
1321 1098
1322 1098
1323 1098
1324 1098
1325 1098
1326 1098
1327 1098
1328 1098
1329 1098
1330 1098
1331 1098
1332 1098
1333 1098
1334 1098
1335 1098
1336 1098
1337 1098
1338 1098
1339 1098
1340 1098
1341 1098
1342 1098
1343 1098
1344 1098
1345 1098
1346 1098
1347 1098
1348 1098
1349 1098
1350 1098
1351 1098
1352 1098
1353 1098
1354 1098
1355 1098
1356 1098
1357 1098
1358 1098
1359 1098
1360 1098
1361 1098
1362 1098
1363 1098
1364 1098
1365 1098
1366 1098
1367 1098
1368 1098
1369 1098
1370 1098
1371 1098
1372 1098
1373 1098
1374 1098
1375 1098
1376 1098
1377 1098
1378 1098
1379 1098
1380 1098
1381 1098
1382 1098
1383 1098
1384 1098
1385 1098
1386 1098
1387 1098
1388 1098
1389 1098
1390 1098
1391 1098
1392 1098
1393 1098
1394 1098
1395 1098
1396 1098
1397 1098
1398 1098
1399 1098
1400 1098
1401 1098
1402 1098
1403 1098
1404 1098
1405 1098
1406 1098
1407 1098
1408 1098
1409 1098
1410 1098
1411 1098
1412 1098
1413 1098
1414 1098
1415 1098
1416 1098
1417 1098
1418 1098
1419 1098
1420 1098
1421 1098
1422 1098
1423 1098
1424 1098
1425 1098
1426 1098
1427 1098
1428 1098
1429 1098
1430 1098
1431 1098
1432 1098
1433 1098
1434 1098
1435 1098
1436 1098
1437 1098
1438 1098
1439 1098
1440 1098
1441 1098
1442 1098
1443 1098
1444 1098
1445 1098
1446 1098
1447 1098
1448 1098
1449 1098
1450 1098
1451 1098
1452 1098
1453 1098
1454 1098
1455 1098
1456 1098
1457 1098
1458 1098
1459 1098
1460 1098
1461 1098
1462 1098
1463 1098
1464 1098
1465 1098
1466 1098
1467 1098
1468 1098
1469 1098
1470 1098
1471 1098
1472 1098
1473 1098
1474 1098
1475 1098
1476 1098
1477 1098
1478 1098
1479 1098
1480 1098
1481 1098
1482 1098
1483 1098
1484 1098
1485 1098
1486 1098
1487 1098
1488 1098
1489 1098
1490 1098
1491 1098
1492 1098
1493 1098
1494 1098
1495 1098
1496 1098
1497 1098
1498 1098
1499 1098
1500 1847
1501 1847
1502 1847
1503 1847
1504 1847
1505 1847
1506 1847
1507 1847
1508 1847
1509 1847
1510 1847
1511 1847
1512 1847
1513 1847
1514 1847
1515 1847
1516 1847
1517 1847
1518 1847
1519 1847
1520 1847
1521 1847
1522 1847
1523 1847
1524 1847
1525 1847
1526 1847
1527 1847
1528 1847
1529 1847
1530 1847
1531 1847
1532 1847
1533 1847
1534 1847
1535 1847
1536 1847
1537 1847
1538 1847
1539 1847
1540 1847
1541 1847
1542 1847
1543 1847
1544 1847
1545 1847
1546 1847
1547 1847
1548 1847
1549 1847
1550 1847
1551 1847
1552 1847
1553 1847
1554 1847
1555 1847
1556 1847
1557 1847
1558 1847
1559 1847
1560 1847
1561 1847
1562 1847
1563 1847
1564 1847
1565 1847
1566 1847
1567 1847
1568 1847
1569 1847
1570 1847
1571 1847
1572 1847
1573 1847
1574 1847
1575 1847
1576 1847
1577 1847
1578 1847
1579 1847
1580 1847
1581 1847
1582 1847
1583 1847
1584 1847
1585 1847
1586 1847
1587 1847
1588 1847
1589 1847
1590 1847
1591 1847
1592 1847
1593 1847
1594 1847
1595 1847
1596 1847
1597 1847
1598 1847
1599 1847
1600 1847
1601 1847
1602 1847
1603 1847
1604 1847
1605 1847
1606 1847
1607 1847
1608 1847
1609 1847
1610 1847
1611 1847
1612 1847
1613 1847
1614 1847
1615 1847
1616 1847
1617 1847
1618 1847
1619 1847
1620 1847
1621 1847
1622 1847
1623 1847
1624 1847
1625 1847
1626 1847
1627 1847
1628 1847
1629 1847
1630 1847
1631 1847
1632 1847
1633 1847
1634 1847
1635 1847
1636 1847
1637 1847
1638 1847
1639 1847
1640 1847
1641 1847
1642 1847
1643 1847
1644 1847
1645 1847
1646 1847
1647 1847
1648 1847
1649 1847
1650 1847
1651 1847
1652 1847
1653 1847
1654 1847
1655 1847
1656 1847
1657 1847
1658 1847
1659 1847
1660 1847
1661 1847
1662 1847
1663 1847
1664 1847
1665 1847
1666 1847
1667 1847
1668 1847
1669 1847
1670 1847
1671 1847
1672 1847
1673 1847
1674 1847
1675 1847
1676 1847
1677 1847
1678 1847
1679 1847
1680 1847
1681 1847
1682 1847
1683 1847
1684 1847
1685 1847
1686 1847
1687 1847
1688 1847
1689 1847
1690 1847
1691 1847
1692 1847
1693 1847
1694 1847
1695 1847
1696 1847
1697 1847
1698 1847
1699 1847
1700 1847
1701 1847
1702 1847
1703 1847
1704 1847
1705 1847
1706 1847
1707 1847
1708 1847
1709 1847
1710 1847
1711 1847
1712 1847
1713 1847
1714 1847
1715 1847
1716 1847
1717 1847
1718 1847
1719 1847
1720 1847
1721 1847
1722 1847
1723 1847
1724 1847
1725 1847
1726 1847
1727 1847
1728 1847
1729 1847
1730 1847
1731 1847
1732 1847
1733 1847
1734 1847
1735 1847
1736 1847
1737 1847
1738 1847
1739 1847
1740 1847
1741 1847
1742 1847
1743 1847
1744 1847
1745 1847
1746 1847
1747 1847
1748 1847
1749 1847
1750 1847
1751 1847
1752 1847
1753 1847
1754 1847
1755 1847
1756 1847
1757 1847
1758 1847
1759 1847
1760 1847
1761 1847
1762 1847
1763 1847
1764 1847
1765 1847
1766 1847
1767 1847
1768 1847
1769 1847
1770 1847
1771 1847
1772 1847
1773 1847
1774 1847
1775 1847
1776 1847
1777 1847
1778 1847
1779 1847
1780 1847
1781 1847
1782 1847
1783 1847
1784 1847
1785 1847
1786 1847
1787 1847
1788 1847
1789 1847
1790 1847
1791 1847
1792 1847
1793 1847
1794 1847
1795 1847
1796 1847
1797 1847
1798 1847
1799 1847
1800 1847
1801 1847
1802 1847
1803 1847
1804 1847
1805 1847
1806 1847
1807 1847
1808 1847
1809 1847
1810 1847
1811 1847
1812 1847
1813 1847
1814 1847
1815 1847
1816 1847
1817 1847
1818 1847
1819 1847
1820 1847
1821 1847
1822 1847
1823 1847
1824 1847
1825 1847
1826 1847
1827 1847
1828 1847
1829 1847
1830 1847
1831 1847
1832 1847
1833 1847
1834 1847
1835 1847
1836 1847
1837 1847
1838 1847
1839 1847
1840 1847
1841 1847
1842 1847
1843 1847
1844 1847
1845 1847
1846 1847
1847 1847
1848 1847
1849 1847
1850 1847
1851 1847
1852 1847
1853 1847
1854 1847
1855 1847
1856 1847
1857 1847
1858 1847
1859 1847
1860 1847
1861 1847
1862 1847
1863 1847
1864 1847
1865 1847
1866 1847
1867 1847
1868 1847
1869 1847
1870 1847
1871 1847
1872 1847
1873 1847
1874 1847
1875 1847
1876 1847
1877 1847
1878 1847
1879 1847
1880 1847
1881 1847
1882 1847
1883 1847
1884 1847
1885 1847
1886 1847
1887 1847
1888 1847
1889 1847
1890 1847
1891 1847
1892 1847
1893 1847
1894 1847
1895 1847
1896 1847
1897 1847
1898 1847
1899 1847
1900 1847
1901 1847
1902 1847
1903 1847
1904 1847
1905 1847
1906 1847
1907 1847
1908 1847
1909 1847
1910 1847
1911 1847
1912 1847
1913 1847
1914 1847
1915 1847
1916 1847
1917 1847
1918 1847
1919 1847
1920 1847
1921 1847
1922 1847
1923 1847
1924 1847
1925 1847
1926 1847
1927 1847
1928 1847
1929 1847
1930 1847
1931 1847
1932 1847
1933 1847
1934 1847
1935 1847
1936 1847
1937 1847
1938 1847
1939 1847
1940 1847
1941 1847
1942 1847
1943 1847
1944 1847
1945 1847
1946 1847
1947 1847
1948 1847
1949 1847
1950 1847
1951 1847
1952 1847
1953 1847
1954 1847
1955 1847
1956 1847
1957 1847
1958 1847
1959 1847
1960 1847
1961 1847
1962 1847
1963 1847
1964 1847
1965 1847
1966 1847
1967 1847
1968 1847
1969 1847
1970 1847
1971 1847
1972 1847
1973 1847
1974 1847
1975 1847
1976 1847
1977 1847
1978 1847
1979 1847
1980 1847
1981 1847
1982 1847
1983 1847
1984 1847
1985 1847
1986 1847
1987 1847
1988 1847
1989 1847
1990 1847
1991 1847
1992 1847
1993 1847
1994 1847
1995 1847
1996 1847
1997 1847
1998 1847
1999 1847
