0 931
1 931
2 931
3 931
4 931
5 931
6 931
7 931
8 931
9 931
10 931
11 931
12 931
13 931
14 931
15 931
16 931
17 931
18 931
19 931
20 931
21 931
22 931
23 931
24 931
25 931
26 931
27 931
28 931
29 931
30 931
31 931
32 931
33 931
34 931
35 931
36 931
37 931
38 931
39 931
40 931
41 931
42 931
43 931
44 931
45 931
46 931
47 931
48 931
49 931
50 931
51 931
52 931
53 931
54 931
55 931
56 931
57 931
58 931
59 931
60 931
61 931
62 931
63 931
64 931
65 931
66 931
67 931
68 931
69 931
70 931
71 931
72 931
73 931
74 931
75 931
76 931
77 931
78 931
79 931
80 931
81 931
82 931
83 931
84 931
85 931
86 931
87 931
88 931
89 931
90 931
91 931
92 931
93 931
94 931
95 931
96 931
97 931
98 931
99 931
100 931
101 931
102 931
103 931
104 931
105 931
106 931
107 931
108 931
109 931
110 931
111 931
112 931
113 931
114 931
115 931
116 931
117 931
118 931
119 931
120 931
121 931
122 931
123 931
124 931
125 931
126 931
127 931
128 931
129 931
130 931
131 931
132 931
133 931
134 931
135 931
136 931
137 931
138 931
139 931
140 931
141 931
142 931
143 931
144 931
145 931
146 931
147 931
148 931
149 931
150 931
151 931
152 931
153 931
154 931
155 931
156 931
157 931
158 931
159 931
160 931
161 931
162 931
163 931
164 931
165 931
166 931
167 931
168 931
169 931
170 931
171 931
172 931
173 931
174 931
175 931
176 931
177 931
178 931
179 931
180 931
181 931
182 931
183 931
184 931
185 931
186 931
187 931
188 931
189 931
190 931
191 931
192 931
193 931
194 931
195 931
196 931
197 931
198 931
199 931
200 931
201 931
202 931
203 931
204 931
205 931
206 931
207 931
208 931
209 931
210 931
211 931
212 931
213 931
214 931
215 931
216 931
217 931
218 931
219 931
220 931
221 931
222 931
223 931
224 931
225 931
226 931
227 931
228 931
229 931
230 931
231 931
232 931
233 931
234 931
235 931
236 931
237 931
238 931
239 931
240 931
241 931
242 931
243 931
244 931
245 931
246 931
247 931
248 931
249 931
250 931
251 931
252 931
253 931
254 931
255 931
256 931
257 931
258 931
259 931
260 931
261 931
262 931
263 931
264 931
265 931
266 931
267 931
268 931
269 931
270 931
271 931
272 931
273 931
274 931
275 931
276 931
277 931
278 931
279 931
280 931
281 931
282 931
283 931
284 931
285 931
286 931
287 931
288 931
289 931
290 931
291 931
292 931
293 931
294 931
295 931
296 931
297 931
298 931
299 931
300 931
301 931
302 931
303 931
304 931
305 931
306 931
307 931
308 931
309 931
310 931
311 931
312 931
313 931
314 931
315 931
316 931
317 931
318 931
319 931
320 931
321 931
322 931
323 931
324 931
325 931
326 931
327 931
328 931
329 931
330 931
331 931
332 931
333 931
334 931
335 931
336 931
337 931
338 931
339 931
340 931
341 931
342 931
343 931
344 931
345 931
346 931
347 931
348 931
349 931
350 931
351 931
352 931
353 931
354 931
355 931
356 931
357 931
358 931
359 931
360 931
361 931
362 931
363 931
364 931
365 931
366 931
367 931
368 931
369 931
370 931
371 931
372 931
373 931
374 931
375 931
376 931
377 931
378 931
379 931
380 931
381 931
382 931
383 931
384 931
385 931
386 931
387 931
388 931
389 931
390 931
391 931
392 931
393 931
394 931
395 931
396 931
397 931
398 931
399 931
400 931
401 931
402 931
403 931
404 931
405 931
406 931
407 931
408 931
409 931
410 931
411 931
412 931
413 931
414 931
415 931
416 931
417 931
418 931
419 931
420 931
421 931
422 931
423 931
424 931
425 931
426 931
427 931
428 931
429 931
430 931
431 931
432 931
433 931
434 931
435 931
436 931
437 931
438 931
439 931
440 931
441 931
442 931
443 931
444 931
445 931
446 931
447 931
448 931
449 931
450 931
451 931
452 931
453 931
454 931
455 931
456 931
457 931
458 931
459 931
460 931
461 931
462 931
463 931
464 931
465 931
466 931
467 931
468 931
469 931
470 931
471 931
472 931
473 931
474 931
475 931
476 931
477 931
478 931
479 931
480 931
481 931
482 931
483 931
484 931
485 931
486 931
487 931
488 931
489 931
490 931
491 931
492 931
493 931
494 931
495 931
496 931
497 931
498 931
499 931
500 931
501 931
502 931
503 931
504 931
505 931
506 931
507 931
508 931
509 931
510 931
511 931
512 931
513 931
514 931
515 931
516 931
517 931
518 931
519 931
520 931
521 931
522 931
523 931
524 931
525 931
526 931
527 931
528 931
529 931
530 931
531 931
532 931
533 931
534 931
535 931
536 931
537 931
538 931
539 931
540 931
541 931
542 931
543 931
544 931
545 931
546 931
547 931
548 931
549 931
550 931
551 931
552 931
553 931
554 931
555 931
556 931
557 931
558 931
559 931
560 931
561 931
562 931
563 931
564 931
565 931
566 931
567 931
568 931
569 931
570 931
571 931
572 931
573 931
574 931
575 931
576 931
577 931
578 931
579 931
580 931
581 931
582 931
583 931
584 931
585 931
586 931
587 931
588 931
589 931
590 931
591 931
592 931
593 931
594 931
595 931
596 931
597 931
598 931
599 931
600 931
601 931
602 931
603 931
604 931
605 931
606 931
607 931
608 931
609 931
610 931
611 931
612 931
613 931
614 931
615 931
616 931
617 931
618 931
619 931
620 931
621 931
622 931
623 931
624 931
625 931
626 931
627 931
628 931
629 931
630 931
631 931
632 931
633 931
634 931
635 931
636 931
637 931
638 931
639 931
640 931
641 931
642 931
643 931
644 931
645 931
646 931
647 931
648 931
649 931
650 931
651 931
652 931
653 931
654 931
655 931
656 931
657 931
658 931
659 931
660 931
661 931
662 931
663 931
664 931
665 931
666 931
667 931
668 931
669 931
670 931
671 931
672 931
673 931
674 931
675 931
676 931
677 931
678 931
679 931
680 931
681 931
682 931
683 931
684 931
685 931
686 931
687 931
688 931
689 931
690 931
691 931
692 931
693 931
694 931
695 931
696 931
697 931
698 931
699 931
700 931
701 931
702 931
703 931
704 931
705 931
706 931
707 931
708 931
709 931
710 931
711 931
712 931
713 931
714 931
715 931
716 931
717 931
718 931
719 931
720 931
721 931
722 931
723 931
724 931
725 931
726 931
727 931
728 931
729 931
730 931
731 931
732 931
733 931
734 931
735 931
736 931
737 931
738 931
739 931
740 931
741 931
742 931
743 931
744 931
745 931
746 931
747 931
748 931
749 931
750 931
751 931
752 931
753 931
754 931
755 931
756 931
757 931
758 931
759 931
760 931
761 931
762 931
763 931
764 931
765 931
766 931
767 931
768 931
769 931
770 931
771 931
772 931
773 931
774 931
775 931
776 931
777 931
778 931
779 931
780 931
781 931
782 931
783 931
784 931
785 931
786 931
787 931
788 931
789 931
790 931
791 931
792 931
793 931
794 931
795 931
796 931
797 931
798 931
799 931
800 931
801 931
802 931
803 931
804 931
805 931
806 931
807 931
808 931
809 931
810 931
811 931
812 931
813 931
814 931
815 931
816 931
817 931
818 931
819 931
820 931
821 931
822 931
823 931
824 931
825 931
826 931
827 931
828 931
829 931
830 931
831 931
832 931
833 931
834 931
835 931
836 931
837 931
838 931
839 931
840 931
841 931
842 931
843 931
844 931
845 931
846 931
847 931
848 931
849 931
850 931
851 931
852 931
853 931
854 931
855 931
856 931
857 931
858 931
859 931
860 931
861 931
862 931
863 931
864 931
865 931
866 931
867 931
868 931
869 931
870 931
871 931
872 931
873 931
874 931
875 931
876 931
877 931
878 931
879 931
880 931
881 931
882 931
883 931
884 931
885 931
886 931
887 931
888 931
889 931
890 931
891 931
892 931
893 931
894 931
895 931
896 931
897 931
898 931
899 931
900 931
901 931
902 931
903 931
904 931
905 931
906 931
907 931
908 931
909 931
910 931
911 931
912 931
913 931
914 931
915 931
916 931
917 931
918 931
919 931
920 931
921 931
922 931
923 931
924 931
925 931
926 931
927 931
928 931
929 931
930 931
931 931
932 931
933 931
934 931
935 931
936 931
937 931
938 931
939 931
940 931
941 931
942 931
943 931
944 931
945 931
946 931
947 931
948 931
949 931
950 931
951 931
952 931
953 931
954 931
955 931
956 931
957 931
958 931
959 931
960 931
961 931
962 931
963 931
964 931
965 931
966 931
967 931
968 931
969 931
970 931
971 931
972 931
973 931
974 931
975 931
976 931
977 931
978 931
979 931
980 931
981 931
982 931
983 931
984 931
985 931
986 931
987 931
988 931
989 931
990 931
991 931
992 931
993 931
994 931
995 931
996 931
997 931
998 931
999 931
1000 931
1001 931
1002 931
1003 931
1004 931
1005 931
1006 931
1007 931
1008 931
1009 931
1010 931
1011 931
1012 931
1013 931
1014 931
1015 931
1016 931
1017 931
1018 931
1019 931
1020 931
1021 931
1022 931
1023 931
1024 931
1025 931
1026 931
1027 931
1028 931
1029 931
1030 931
1031 931
1032 931
1033 931
1034 931
1035 931
1036 931
1037 931
1038 931
1039 931
1040 931
1041 931
1042 931
1043 931
1044 931
1045 931
1046 931
1047 931
1048 931
1049 931
1050 931
1051 931
1052 931
1053 931
1054 931
1055 931
1056 931
1057 931
1058 931
1059 931
1060 931
1061 931
1062 931
1063 931
1064 931
1065 931
1066 931
1067 931
1068 931
1069 931
1070 931
1071 931
1072 931
1073 931
1074 931
1075 931
1076 931
1077 931
1078 931
1079 931
1080 931
1081 931
1082 931
1083 931
1084 931
1085 931
1086 931
1087 931
1088 931
1089 931
1090 931
1091 931
1092 931
1093 931
1094 931
1095 931
1096 931
1097 931
1098 931
1099 931
1100 931
1101 931
1102 931
1103 931
1104 931
1105 931
1106 931
1107 931
1108 931
1109 931
1110 931
1111 931
1112 931
1113 931
1114 931
1115 931
1116 931
1117 931
1118 931
1119 931
1120 931
1121 931
1122 931
1123 931
1124 931
1125 931
1126 931
1127 931
1128 931
1129 931
1130 931
1131 931
1132 931
1133 931
1134 931
1135 931
1136 931
1137 931
1138 931
1139 931
1140 931
1141 931
1142 931
1143 931
1144 931
1145 931
1146 931
1147 931
1148 931
1149 931
1150 931
1151 931
1152 931
1153 931
1154 931
1155 931
1156 931
1157 931
1158 931
1159 931
1160 931
1161 931
1162 931
1163 931
1164 931
1165 931
1166 931
1167 931
1168 931
1169 931
1170 931
1171 931
1172 931
1173 931
1174 931
1175 931
1176 931
1177 931
1178 931
1179 931
1180 931
1181 931
1182 931
1183 931
1184 931
1185 931
1186 931
1187 931
1188 931
1189 931
1190 931
1191 931
1192 931
1193 931
1194 931
1195 931
1196 931
1197 931
1198 931
1199 931
1200 931
1201 931
1202 931
1203 931
1204 931
1205 931
1206 931
1207 931
1208 931
1209 931
1210 931
1211 931
1212 931
1213 931
1214 931
1215 931
1216 931
1217 931
1218 931
1219 931
1220 931
1221 931
1222 931
1223 931
1224 931
1225 931
1226 931
1227 931
1228 931
1229 931
1230 931
1231 931
1232 931
1233 931
1234 931
1235 931
1236 931
1237 931
1238 931
1239 931
1240 931
1241 931
1242 931
1243 931
1244 931
1245 931
1246 931
1247 931
1248 931
1249 931
1250 931
1251 931
1252 931
1253 931
1254 931
1255 931
1256 931
1257 931
1258 931
1259 931
1260 931
1261 931
1262 931
1263 931
1264 931
1265 931
1266 931
1267 931
1268 931
1269 931
1270 931
1271 931
1272 931
1273 931
1274 931
1275 931
1276 931
1277 931
1278 931
1279 931
1280 931
1281 931
1282 931
1283 931
1284 931
1285 931
1286 931
1287 931
1288 931
1289 931
1290 931
1291 931
1292 931
1293 931
1294 931
1295 931
1296 931
1297 931
1298 931
1299 931
1300 931
1301 931
1302 931
1303 931
1304 931
1305 931
1306 931
1307 931
1308 931
1309 931
1310 931
1311 931
1312 931
1313 931
1314 931
1315 931
1316 931
1317 931
1318 931
1319 931
1320 931
1321 931
1322 931
1323 931
1324 931
1325 931
1326 931
1327 931
1328 931
1329 931
1330 931
1331 931
1332 931
1333 931
1334 931
1335 931
1336 931
1337 931
1338 931
1339 931
1340 931
1341 931
1342 931
1343 931
1344 931
1345 931
1346 931
1347 931
1348 931
1349 931
1350 931
1351 931
1352 931
1353 931
1354 931
1355 931
1356 931
1357 931
1358 931
1359 931
1360 931
1361 931
1362 931
1363 931
1364 931
1365 931
1366 931
1367 931
1368 931
1369 931
1370 931
1371 931
1372 931
1373 931
1374 931
1375 931
1376 931
1377 931
1378 931
1379 931
1380 931
1381 931
1382 931
1383 931
1384 931
1385 931
1386 931
1387 931
1388 931
1389 931
1390 931
1391 931
1392 931
1393 931
1394 931
1395 931
1396 931
1397 931
1398 931
1399 931
1400 931
1401 931
1402 931
1403 931
1404 931
1405 931
1406 931
1407 931
1408 931
1409 931
1410 931
1411 931
1412 931
1413 931
1414 931
1415 931
1416 931
1417 931
1418 931
1419 931
1420 931
1421 931
1422 931
1423 931
1424 931
1425 931
1426 931
1427 931
1428 931
1429 931
1430 931
1431 931
1432 931
1433 931
1434 931
1435 931
1436 931
1437 931
1438 931
1439 931
1440 931
1441 931
1442 931
1443 931
1444 931
1445 931
1446 931
1447 931
1448 931
1449 931
1450 931
1451 931
1452 931
1453 931
1454 931
1455 931
1456 931
1457 931
1458 931
1459 931
1460 931
1461 931
1462 931
1463 931
1464 931
1465 931
1466 931
1467 931
1468 931
1469 931
1470 931
1471 931
1472 931
1473 931
1474 931
1475 931
1476 931
1477 931
1478 931
1479 931
1480 931
1481 931
1482 931
1483 931
1484 931
1485 931
1486 931
1487 931
1488 931
1489 931
1490 931
1491 931
1492 931
1493 931
1494 931
1495 931
1496 931
1497 931
1498 931
1499 931
1500 931
1501 931
1502 931
1503 931
1504 931
1505 931
1506 931
1507 931
1508 931
1509 931
1510 931
1511 931
1512 931
1513 931
1514 931
1515 931
1516 931
1517 931
1518 931
1519 931
1520 931
1521 931
1522 931
1523 931
1524 931
1525 931
1526 931
1527 931
1528 931
1529 931
1530 931
1531 931
1532 931
1533 931
1534 931
1535 931
1536 931
1537 931
1538 931
1539 931
1540 931
1541 931
1542 931
1543 931
1544 931
1545 931
1546 931
1547 931
1548 931
1549 931
1550 931
1551 931
1552 931
1553 931
1554 931
1555 931
1556 931
1557 931
1558 931
1559 931
1560 931
1561 931
1562 931
1563 931
1564 931
1565 931
1566 931
1567 931
1568 931
1569 931
1570 931
1571 931
1572 931
1573 931
1574 931
1575 931
1576 931
1577 931
1578 931
1579 931
1580 931
1581 931
1582 931
1583 931
1584 931
1585 931
1586 931
1587 931
1588 931
1589 931
1590 931
1591 931
1592 931
1593 931
1594 931
1595 931
1596 931
1597 931
1598 931
1599 931
1600 931
1601 931
1602 931
1603 931
1604 931
1605 931
1606 931
1607 931
1608 931
1609 931
1610 931
1611 931
1612 931
1613 931
1614 931
1615 931
1616 931
1617 931
1618 931
1619 931
1620 931
1621 931
1622 931
1623 931
1624 931
1625 931
1626 931
1627 931
1628 931
1629 931
1630 931
1631 931
1632 931
1633 931
1634 931
1635 931
1636 931
1637 931
1638 931
1639 931
1640 931
1641 931
1642 931
1643 931
1644 931
1645 931
1646 931
1647 931
1648 931
1649 931
1650 931
1651 931
1652 931
1653 931
1654 931
1655 931
1656 931
1657 931
1658 931
1659 931
1660 931
1661 931
1662 931
1663 931
1664 931
1665 931
1666 931
1667 931
1668 931
1669 931
1670 931
1671 931
1672 931
1673 931
1674 931
1675 931
1676 931
1677 931
1678 931
1679 931
1680 931
1681 931
1682 931
1683 931
1684 931
1685 931
1686 931
1687 931
1688 931
1689 931
1690 931
1691 931
1692 931
1693 931
1694 931
1695 931
1696 931
1697 931
1698 931
1699 931
1700 931
1701 931
1702 931
1703 931
1704 931
1705 931
1706 931
1707 931
1708 931
1709 931
1710 931
1711 931
1712 931
1713 931
1714 931
1715 931
1716 931
1717 931
1718 931
1719 931
1720 931
1721 931
1722 931
1723 931
1724 931
1725 931
1726 931
1727 931
1728 931
1729 931
1730 931
1731 931
1732 931
1733 931
1734 931
1735 931
1736 931
1737 931
1738 931
1739 931
1740 931
1741 931
1742 931
1743 931
1744 931
1745 931
1746 931
1747 931
1748 931
1749 931
1750 931
1751 931
1752 931
1753 931
1754 931
1755 931
1756 931
1757 931
1758 931
1759 931
1760 931
1761 931
1762 931
1763 931
1764 931
1765 931
1766 931
1767 931
1768 931
1769 931
1770 931
1771 931
1772 931
1773 931
1774 931
1775 931
1776 931
1777 931
1778 931
1779 931
1780 931
1781 931
1782 931
1783 931
1784 931
1785 931
1786 931
1787 931
1788 931
1789 931
1790 931
1791 931
1792 931
1793 931
1794 931
1795 931
1796 931
1797 931
1798 931
1799 931
1800 931
1801 931
1802 931
1803 931
1804 931
1805 931
1806 931
1807 931
1808 931
1809 931
1810 931
1811 931
1812 931
1813 931
1814 931
1815 931
1816 931
1817 931
1818 931
1819 931
1820 931
1821 931
1822 931
1823 931
1824 931
1825 931
1826 931
1827 931
1828 931
1829 931
1830 931
1831 931
1832 931
1833 931
1834 931
1835 931
1836 931
1837 931
1838 931
1839 931
1840 931
1841 931
1842 931
1843 931
1844 931
1845 931
1846 931
1847 931
1848 931
1849 931
1850 931
1851 931
1852 931
1853 931
1854 931
1855 931
1856 931
1857 931
1858 931
1859 931
1860 931
1861 931
1862 931
1863 931
1864 931
1865 931
1866 931
1867 931
1868 931
1869 931
1870 931
1871 931
1872 931
1873 931
1874 931
1875 931
1876 931
1877 931
1878 931
1879 931
1880 931
1881 931
1882 931
1883 931
1884 931
1885 931
1886 931
1887 931
1888 931
1889 931
1890 931
1891 931
1892 931
1893 931
1894 931
1895 931
1896 931
1897 931
1898 931
1899 931
1900 931
1901 931
1902 931
1903 931
1904 931
1905 931
1906 931
1907 931
1908 931
1909 931
1910 931
1911 931
1912 931
1913 931
1914 931
1915 931
1916 931
1917 931
1918 931
1919 931
1920 931
1921 931
1922 931
1923 931
1924 931
1925 931
1926 931
1927 931
1928 931
1929 931
1930 931
1931 931
1932 931
1933 931
1934 931
1935 931
1936 931
1937 931
1938 931
1939 931
1940 931
1941 931
1942 931
1943 931
1944 931
1945 931
1946 931
1947 931
1948 931
1949 931
1950 931
1951 931
1952 931
1953 931
1954 931
1955 931
1956 931
1957 931
1958 931
1959 931
1960 931
1961 931
1962 931
1963 931
1964 931
1965 931
1966 931
1967 931
1968 931
1969 931
1970 931
1971 931
1972 931
1973 931
1974 931
1975 931
1976 931
1977 931
1978 931
1979 931
1980 931
1981 931
1982 931
1983 931
1984 931
1985 931
1986 931
1987 931
1988 931
1989 931
1990 931
1991 931
1992 931
1993 931
1994 931
1995 931
1996 931
1997 931
1998 931
1999 931
2000 2701
2001 2701
2002 2701
2003 2701
2004 2701
2005 2701
2006 2701
2007 2701
2008 2701
2009 2701
2010 2701
2011 2701
2012 2701
2013 2701
2014 2701
2015 2701
2016 2701
2017 2701
2018 2701
2019 2701
2020 2701
2021 2701
2022 2701
2023 2701
2024 2701
2025 2701
2026 2701
2027 2701
2028 2701
2029 2701
2030 2701
2031 2701
2032 2701
2033 2701
2034 2701
2035 2701
2036 2701
2037 2701
2038 2701
2039 2701
2040 2701
2041 2701
2042 2701
2043 2701
2044 2701
2045 2701
2046 2701
2047 2701
2048 2701
2049 2701
2050 2701
2051 2701
2052 2701
2053 2701
2054 2701
2055 2701
2056 2701
2057 2701
2058 2701
2059 2701
2060 2701
2061 2701
2062 2701
2063 2701
2064 2701
2065 2701
2066 2701
2067 2701
2068 2701
2069 2701
2070 2701
2071 2701
2072 2701
2073 2701
2074 2701
2075 2701
2076 2701
2077 2701
2078 2701
2079 2701
2080 2701
2081 2701
2082 2701
2083 2701
2084 2701
2085 2701
2086 2701
2087 2701
2088 2701
2089 2701
2090 2701
2091 2701
2092 2701
2093 2701
2094 2701
2095 2701
2096 2701
2097 2701
2098 2701
2099 2701
2100 2701
2101 2701
2102 2701
2103 2701
2104 2701
2105 2701
2106 2701
2107 2701
2108 2701
2109 2701
2110 2701
2111 2701
2112 2701
2113 2701
2114 2701
2115 2701
2116 2701
2117 2701
2118 2701
2119 2701
2120 2701
2121 2701
2122 2701
2123 2701
2124 2701
2125 2701
2126 2701
2127 2701
2128 2701
2129 2701
2130 2701
2131 2701
2132 2701
2133 2701
2134 2701
2135 2701
2136 2701
2137 2701
2138 2701
2139 2701
2140 2701
2141 2701
2142 2701
2143 2701
2144 2701
2145 2701
2146 2701
2147 2701
2148 2701
2149 2701
2150 2701
2151 2701
2152 2701
2153 2701
2154 2701
2155 2701
2156 2701
2157 2701
2158 2701
2159 2701
2160 2701
2161 2701
2162 2701
2163 2701
2164 2701
2165 2701
2166 2701
2167 2701
2168 2701
2169 2701
2170 2701
2171 2701
2172 2701
2173 2701
2174 2701
2175 2701
2176 2701
2177 2701
2178 2701
2179 2701
2180 2701
2181 2701
2182 2701
2183 2701
2184 2701
2185 2701
2186 2701
2187 2701
2188 2701
2189 2701
2190 2701
2191 2701
2192 2701
2193 2701
2194 2701
2195 2701
2196 2701
2197 2701
2198 2701
2199 2701
2200 2701
2201 2701
2202 2701
2203 2701
2204 2701
2205 2701
2206 2701
2207 2701
2208 2701
2209 2701
2210 2701
2211 2701
2212 2701
2213 2701
2214 2701
2215 2701
2216 2701
2217 2701
2218 2701
2219 2701
2220 2701
2221 2701
2222 2701
2223 2701
2224 2701
2225 2701
2226 2701
2227 2701
2228 2701
2229 2701
2230 2701
2231 2701
2232 2701
2233 2701
2234 2701
2235 2701
2236 2701
2237 2701
2238 2701
2239 2701
2240 2701
2241 2701
2242 2701
2243 2701
2244 2701
2245 2701
2246 2701
2247 2701
2248 2701
2249 2701
2250 2701
2251 2701
2252 2701
2253 2701
2254 2701
2255 2701
2256 2701
2257 2701
2258 2701
2259 2701
2260 2701
2261 2701
2262 2701
2263 2701
2264 2701
2265 2701
2266 2701
2267 2701
2268 2701
2269 2701
2270 2701
2271 2701
2272 2701
2273 2701
2274 2701
2275 2701
2276 2701
2277 2701
2278 2701
2279 2701
2280 2701
2281 2701
2282 2701
2283 2701
2284 2701
2285 2701
2286 2701
2287 2701
2288 2701
2289 2701
2290 2701
2291 2701
2292 2701
2293 2701
2294 2701
2295 2701
2296 2701
2297 2701
2298 2701
2299 2701
2300 2701
2301 2701
2302 2701
2303 2701
2304 2701
2305 2701
2306 2701
2307 2701
2308 2701
2309 2701
2310 2701
2311 2701
2312 2701
2313 2701
2314 2701
2315 2701
2316 2701
2317 2701
2318 2701
2319 2701
2320 2701
2321 2701
2322 2701
2323 2701
2324 2701
2325 2701
2326 2701
2327 2701
2328 2701
2329 2701
2330 2701
2331 2701
2332 2701
2333 2701
2334 2701
2335 2701
2336 2701
2337 2701
2338 2701
2339 2701
2340 2701
2341 2701
2342 2701
2343 2701
2344 2701
2345 2701
2346 2701
2347 2701
2348 2701
2349 2701
2350 2701
2351 2701
2352 2701
2353 2701
2354 2701
2355 2701
2356 2701
2357 2701
2358 2701
2359 2701
2360 2701
2361 2701
2362 2701
2363 2701
2364 2701
2365 2701
2366 2701
2367 2701
2368 2701
2369 2701
2370 2701
2371 2701
2372 2701
2373 2701
2374 2701
2375 2701
2376 2701
2377 2701
2378 2701
2379 2701
2380 2701
2381 2701
2382 2701
2383 2701
2384 2701
2385 2701
2386 2701
2387 2701
2388 2701
2389 2701
2390 2701
2391 2701
2392 2701
2393 2701
2394 2701
2395 2701
2396 2701
2397 2701
2398 2701
2399 2701
2400 2701
2401 2701
2402 2701
2403 2701
2404 2701
2405 2701
2406 2701
2407 2701
2408 2701
2409 2701
2410 2701
2411 2701
2412 2701
2413 2701
2414 2701
2415 2701
2416 2701
2417 2701
2418 2701
2419 2701
2420 2701
2421 2701
2422 2701
2423 2701
2424 2701
2425 2701
2426 2701
2427 2701
2428 2701
2429 2701
2430 2701
2431 2701
2432 2701
2433 2701
2434 2701
2435 2701
2436 2701
2437 2701
2438 2701
2439 2701
2440 2701
2441 2701
2442 2701
2443 2701
2444 2701
2445 2701
2446 2701
2447 2701
2448 2701
2449 2701
2450 2701
2451 2701
2452 2701
2453 2701
2454 2701
2455 2701
2456 2701
2457 2701
2458 2701
2459 2701
2460 2701
2461 2701
2462 2701
2463 2701
2464 2701
2465 2701
2466 2701
2467 2701
2468 2701
2469 2701
2470 2701
2471 2701
2472 2701
2473 2701
2474 2701
2475 2701
2476 2701
2477 2701
2478 2701
2479 2701
2480 2701
2481 2701
2482 2701
2483 2701
2484 2701
2485 2701
2486 2701
2487 2701
2488 2701
2489 2701
2490 2701
2491 2701
2492 2701
2493 2701
2494 2701
2495 2701
2496 2701
2497 2701
2498 2701
2499 2701
2500 2701
2501 2701
2502 2701
2503 2701
2504 2701
2505 2701
2506 2701
2507 2701
2508 2701
2509 2701
2510 2701
2511 2701
2512 2701
2513 2701
2514 2701
2515 2701
2516 2701
2517 2701
2518 2701
2519 2701
2520 2701
2521 2701
2522 2701
2523 2701
2524 2701
2525 2701
2526 2701
2527 2701
2528 2701
2529 2701
2530 2701
2531 2701
2532 2701
2533 2701
2534 2701
2535 2701
2536 2701
2537 2701
2538 2701
2539 2701
2540 2701
2541 2701
2542 2701
2543 2701
2544 2701
2545 2701
2546 2701
2547 2701
2548 2701
2549 2701
2550 2701
2551 2701
2552 2701
2553 2701
2554 2701
2555 2701
2556 2701
2557 2701
2558 2701
2559 2701
2560 2701
2561 2701
2562 2701
2563 2701
2564 2701
2565 2701
2566 2701
2567 2701
2568 2701
2569 2701
2570 2701
2571 2701
2572 2701
2573 2701
2574 2701
2575 2701
2576 2701
2577 2701
2578 2701
2579 2701
2580 2701
2581 2701
2582 2701
2583 2701
2584 2701
2585 2701
2586 2701
2587 2701
2588 2701
2589 2701
2590 2701
2591 2701
2592 2701
2593 2701
2594 2701
2595 2701
2596 2701
2597 2701
2598 2701
2599 2701
2600 2701
2601 2701
2602 2701
2603 2701
2604 2701
2605 2701
2606 2701
2607 2701
2608 2701
2609 2701
2610 2701
2611 2701
2612 2701
2613 2701
2614 2701
2615 2701
2616 2701
2617 2701
2618 2701
2619 2701
2620 2701
2621 2701
2622 2701
2623 2701
2624 2701
2625 2701
2626 2701
2627 2701
2628 2701
2629 2701
2630 2701
2631 2701
2632 2701
2633 2701
2634 2701
2635 2701
2636 2701
2637 2701
2638 2701
2639 2701
2640 2701
2641 2701
2642 2701
2643 2701
2644 2701
2645 2701
2646 2701
2647 2701
2648 2701
2649 2701
2650 2701
2651 2701
2652 2701
2653 2701
2654 2701
2655 2701
2656 2701
2657 2701
2658 2701
2659 2701
2660 2701
2661 2701
2662 2701
2663 2701
2664 2701
2665 2701
2666 2701
2667 2701
2668 2701
2669 2701
2670 2701
2671 2701
2672 2701
2673 2701
2674 2701
2675 2701
2676 2701
2677 2701
2678 2701
2679 2701
2680 2701
2681 2701
2682 2701
2683 2701
2684 2701
2685 2701
2686 2701
2687 2701
2688 2701
2689 2701
2690 2701
2691 2701
2692 2701
2693 2701
2694 2701
2695 2701
2696 2701
2697 2701
2698 2701
2699 2701
2700 2701
2701 2701
2702 2701
2703 2701
2704 2701
2705 2701
2706 2701
2707 2701
2708 2701
2709 2701
2710 2701
2711 2701
2712 2701
2713 2701
2714 2701
2715 2701
2716 2701
2717 2701
2718 2701
2719 2701
2720 2701
2721 2701
2722 2701
2723 2701
2724 2701
2725 2701
2726 2701
2727 2701
2728 2701
2729 2701
2730 2701
2731 2701
2732 2701
2733 2701
2734 2701
2735 2701
2736 2701
2737 2701
2738 2701
2739 2701
2740 2701
2741 2701
2742 2701
2743 2701
2744 2701
2745 2701
2746 2701
2747 2701
2748 2701
2749 2701
2750 2701
2751 2701
2752 2701
2753 2701
2754 2701
2755 2701
2756 2701
2757 2701
2758 2701
2759 2701
2760 2701
2761 2701
2762 2701
2763 2701
2764 2701
2765 2701
2766 2701
2767 2701
2768 2701
2769 2701
2770 2701
2771 2701
2772 2701
2773 2701
2774 2701
2775 2701
2776 2701
2777 2701
2778 2701
2779 2701
2780 2701
2781 2701
2782 2701
2783 2701
2784 2701
2785 2701
2786 2701
2787 2701
2788 2701
2789 2701
2790 2701
2791 2701
2792 2701
2793 2701
2794 2701
2795 2701
2796 2701
2797 2701
2798 2701
2799 2701
2800 2701
2801 2701
2802 2701
2803 2701
2804 2701
2805 2701
2806 2701
2807 2701
2808 2701
2809 2701
2810 2701
2811 2701
2812 2701
2813 2701
2814 2701
2815 2701
2816 2701
2817 2701
2818 2701
2819 2701
2820 2701
2821 2701
2822 2701
2823 2701
2824 2701
2825 2701
2826 2701
2827 2701
2828 2701
2829 2701
2830 2701
2831 2701
2832 2701
2833 2701
2834 2701
2835 2701
2836 2701
2837 2701
2838 2701
2839 2701
2840 2701
2841 2701
2842 2701
2843 2701
2844 2701
2845 2701
2846 2701
2847 2701
2848 2701
2849 2701
2850 2701
2851 2701
2852 2701
2853 2701
2854 2701
2855 2701
2856 2701
2857 2701
2858 2701
2859 2701
2860 2701
2861 2701
2862 2701
2863 2701
2864 2701
2865 2701
2866 2701
2867 2701
2868 2701
2869 2701
2870 2701
2871 2701
2872 2701
2873 2701
2874 2701
2875 2701
2876 2701
2877 2701
2878 2701
2879 2701
2880 2701
2881 2701
2882 2701
2883 2701
2884 2701
2885 2701
2886 2701
2887 2701
2888 2701
2889 2701
2890 2701
2891 2701
2892 2701
2893 2701
2894 2701
2895 2701
2896 2701
2897 2701
2898 2701
2899 2701
2900 2701
2901 2701
2902 2701
2903 2701
2904 2701
2905 2701
2906 2701
2907 2701
2908 2701
2909 2701
2910 2701
2911 2701
2912 2701
2913 2701
2914 2701
2915 2701
2916 2701
2917 2701
2918 2701
2919 2701
2920 2701
2921 2701
2922 2701
2923 2701
2924 2701
2925 2701
2926 2701
2927 2701
2928 2701
2929 2701
2930 2701
2931 2701
2932 2701
2933 2701
2934 2701
2935 2701
2936 2701
2937 2701
2938 2701
2939 2701
2940 2701
2941 2701
2942 2701
2943 2701
2944 2701
2945 2701
2946 2701
2947 2701
2948 2701
2949 2701
2950 2701
2951 2701
2952 2701
2953 2701
2954 2701
2955 2701
2956 2701
2957 2701
2958 2701
2959 2701
2960 2701
2961 2701
2962 2701
2963 2701
2964 2701
2965 2701
2966 2701
2967 2701
2968 2701
2969 2701
2970 2701
2971 2701
2972 2701
2973 2701
2974 2701
2975 2701
2976 2701
2977 2701
2978 2701
2979 2701
2980 2701
2981 2701
2982 2701
2983 2701
2984 2701
2985 2701
2986 2701
2987 2701
2988 2701
2989 2701
2990 2701
2991 2701
2992 2701
2993 2701
2994 2701
2995 2701
2996 2701
2997 2701
2998 2701
2999 2701
3000 2701
3001 2701
3002 2701
3003 2701
3004 2701
3005 2701
3006 2701
3007 2701
3008 2701
3009 2701
3010 2701
3011 2701
3012 2701
3013 2701
3014 2701
3015 2701
3016 2701
3017 2701
3018 2701
3019 2701
3020 2701
3021 2701
3022 2701
3023 2701
3024 2701
3025 2701
3026 2701
3027 2701
3028 2701
3029 2701
3030 2701
3031 2701
3032 2701
3033 2701
3034 2701
3035 2701
3036 2701
3037 2701
3038 2701
3039 2701
3040 2701
3041 2701
3042 2701
3043 2701
3044 2701
3045 2701
3046 2701
3047 2701
3048 2701
3049 2701
3050 2701
3051 2701
3052 2701
3053 2701
3054 2701
3055 2701
3056 2701
3057 2701
3058 2701
3059 2701
3060 2701
3061 2701
3062 2701
3063 2701
3064 2701
3065 2701
3066 2701
3067 2701
3068 2701
3069 2701
3070 2701
3071 2701
3072 2701
3073 2701
3074 2701
3075 2701
3076 2701
3077 2701
3078 2701
3079 2701
3080 2701
3081 2701
3082 2701
3083 2701
3084 2701
3085 2701
3086 2701
3087 2701
3088 2701
3089 2701
3090 2701
3091 2701
3092 2701
3093 2701
3094 2701
3095 2701
3096 2701
3097 2701
3098 2701
3099 2701
3100 2701
3101 2701
3102 2701
3103 2701
3104 2701
3105 2701
3106 2701
3107 2701
3108 2701
3109 2701
3110 2701
3111 2701
3112 2701
3113 2701
3114 2701
3115 2701
3116 2701
3117 2701
3118 2701
3119 2701
3120 2701
3121 2701
3122 2701
3123 2701
3124 2701
3125 2701
3126 2701
3127 2701
3128 2701
3129 2701
3130 2701
3131 2701
3132 2701
3133 2701
3134 2701
3135 2701
3136 2701
3137 2701
3138 2701
3139 2701
3140 2701
3141 2701
3142 2701
3143 2701
3144 2701
3145 2701
3146 2701
3147 2701
3148 2701
3149 2701
3150 2701
3151 2701
3152 2701
3153 2701
3154 2701
3155 2701
3156 2701
3157 2701
3158 2701
3159 2701
3160 2701
3161 2701
3162 2701
3163 2701
3164 2701
3165 2701
3166 2701
3167 2701
3168 2701
3169 2701
3170 2701
3171 2701
3172 2701
3173 2701
3174 2701
3175 2701
3176 2701
3177 2701
3178 2701
3179 2701
3180 2701
3181 2701
3182 2701
3183 2701
3184 2701
3185 2701
3186 2701
3187 2701
3188 2701
3189 2701
3190 2701
3191 2701
3192 2701
3193 2701
3194 2701
3195 2701
3196 2701
3197 2701
3198 2701
3199 2701
3200 2701
3201 2701
3202 2701
3203 2701
3204 2701
3205 2701
3206 2701
3207 2701
3208 2701
3209 2701
3210 2701
3211 2701
3212 2701
3213 2701
3214 2701
3215 2701
3216 2701
3217 2701
3218 2701
3219 2701
3220 2701
3221 2701
3222 2701
3223 2701
3224 2701
3225 2701
3226 2701
3227 2701
3228 2701
3229 2701
3230 2701
3231 2701
3232 2701
3233 2701
3234 2701
3235 2701
3236 2701
3237 2701
3238 2701
3239 2701
3240 2701
3241 2701
3242 2701
3243 2701
3244 2701
3245 2701
3246 2701
3247 2701
3248 2701
3249 2701
3250 2701
3251 2701
3252 2701
3253 2701
3254 2701
3255 2701
3256 2701
3257 2701
3258 2701
3259 2701
3260 2701
3261 2701
3262 2701
3263 2701
3264 2701
3265 2701
3266 2701
3267 2701
3268 2701
3269 2701
3270 2701
3271 2701
3272 2701
3273 2701
3274 2701
3275 2701
3276 2701
3277 2701
3278 2701
3279 2701
3280 2701
3281 2701
3282 2701
3283 2701
3284 2701
3285 2701
3286 2701
3287 2701
3288 2701
3289 2701
3290 2701
3291 2701
3292 2701
3293 2701
3294 2701
3295 2701
3296 2701
3297 2701
3298 2701
3299 2701
3300 2701
3301 2701
3302 2701
3303 2701
3304 2701
3305 2701
3306 2701
3307 2701
3308 2701
3309 2701
3310 2701
3311 2701
3312 2701
3313 2701
3314 2701
3315 2701
3316 2701
3317 2701
3318 2701
3319 2701
3320 2701
3321 2701
3322 2701
3323 2701
3324 2701
3325 2701
3326 2701
3327 2701
3328 2701
3329 2701
3330 2701
3331 2701
3332 2701
3333 2701
3334 2701
3335 2701
3336 2701
3337 2701
3338 2701
3339 2701
3340 2701
3341 2701
3342 2701
3343 2701
3344 2701
3345 2701
3346 2701
3347 2701
3348 2701
3349 2701
3350 2701
3351 2701
3352 2701
3353 2701
3354 2701
3355 2701
3356 2701
3357 2701
3358 2701
3359 2701
3360 2701
3361 2701
3362 2701
3363 2701
3364 2701
3365 2701
3366 2701
3367 2701
3368 2701
3369 2701
3370 2701
3371 2701
3372 2701
3373 2701
3374 2701
3375 2701
3376 2701
3377 2701
3378 2701
3379 2701
3380 2701
3381 2701
3382 2701
3383 2701
3384 2701
3385 2701
3386 2701
3387 2701
3388 2701
3389 2701
3390 2701
3391 2701
3392 2701
3393 2701
3394 2701
3395 2701
3396 2701
3397 2701
3398 2701
3399 2701
3400 2701
3401 2701
3402 2701
3403 2701
3404 2701
3405 2701
3406 2701
3407 2701
3408 2701
3409 2701
3410 2701
3411 2701
3412 2701
3413 2701
3414 2701
3415 2701
3416 2701
3417 2701
3418 2701
3419 2701
3420 2701
3421 2701
3422 2701
3423 2701
3424 2701
3425 2701
3426 2701
3427 2701
3428 2701
3429 2701
3430 2701
3431 2701
3432 2701
3433 2701
3434 2701
3435 2701
3436 2701
3437 2701
3438 2701
3439 2701
3440 2701
3441 2701
3442 2701
3443 2701
3444 2701
3445 2701
3446 2701
3447 2701
3448 2701
3449 2701
3450 2701
3451 2701
3452 2701
3453 2701
3454 2701
3455 2701
3456 2701
3457 2701
3458 2701
3459 2701
3460 2701
3461 2701
3462 2701
3463 2701
3464 2701
3465 2701
3466 2701
3467 2701
3468 2701
3469 2701
3470 2701
3471 2701
3472 2701
3473 2701
3474 2701
3475 2701
3476 2701
3477 2701
3478 2701
3479 2701
3480 2701
3481 2701
3482 2701
3483 2701
3484 2701
3485 2701
3486 2701
3487 2701
3488 2701
3489 2701
3490 2701
3491 2701
3492 2701
3493 2701
3494 2701
3495 2701
3496 2701
3497 2701
3498 2701
3499 2701
3500 2701
3501 2701
3502 2701
3503 2701
3504 2701
3505 2701
3506 2701
3507 2701
3508 2701
3509 2701
3510 2701
3511 2701
3512 2701
3513 2701
3514 2701
3515 2701
3516 2701
3517 2701
3518 2701
3519 2701
3520 2701
3521 2701
3522 2701
3523 2701
3524 2701
3525 2701
3526 2701
3527 2701
3528 2701
3529 2701
3530 2701
3531 2701
3532 2701
3533 2701
3534 2701
3535 2701
3536 2701
3537 2701
3538 2701
3539 2701
3540 2701
3541 2701
3542 2701
3543 2701
3544 2701
3545 2701
3546 2701
3547 2701
3548 2701
3549 2701
3550 2701
3551 2701
3552 2701
3553 2701
3554 2701
3555 2701
3556 2701
3557 2701
3558 2701
3559 2701
3560 2701
3561 2701
3562 2701
3563 2701
3564 2701
3565 2701
3566 2701
3567 2701
3568 2701
3569 2701
3570 2701
3571 2701
3572 2701
3573 2701
3574 2701
3575 2701
3576 2701
3577 2701
3578 2701
3579 2701
3580 2701
3581 2701
3582 2701
3583 2701
3584 2701
3585 2701
3586 2701
3587 2701
3588 2701
3589 2701
3590 2701
3591 2701
3592 2701
3593 2701
3594 2701
3595 2701
3596 2701
3597 2701
3598 2701
3599 2701
3600 2701
3601 2701
3602 2701
3603 2701
3604 2701
3605 2701
3606 2701
3607 2701
3608 2701
3609 2701
3610 2701
3611 2701
3612 2701
3613 2701
3614 2701
3615 2701
3616 2701
3617 2701
3618 2701
3619 2701
3620 2701
3621 2701
3622 2701
3623 2701
3624 2701
3625 2701
3626 2701
3627 2701
3628 2701
3629 2701
3630 2701
3631 2701
3632 2701
3633 2701
3634 2701
3635 2701
3636 2701
3637 2701
3638 2701
3639 2701
3640 2701
3641 2701
3642 2701
3643 2701
3644 2701
3645 2701
3646 2701
3647 2701
3648 2701
3649 2701
3650 2701
3651 2701
3652 2701
3653 2701
3654 2701
3655 2701
3656 2701
3657 2701
3658 2701
3659 2701
3660 2701
3661 2701
3662 2701
3663 2701
3664 2701
3665 2701
3666 2701
3667 2701
3668 2701
3669 2701
3670 2701
3671 2701
3672 2701
3673 2701
3674 2701
3675 2701
3676 2701
3677 2701
3678 2701
3679 2701
3680 2701
3681 2701
3682 2701
3683 2701
3684 2701
3685 2701
3686 2701
3687 2701
3688 2701
3689 2701
3690 2701
3691 2701
3692 2701
3693 2701
3694 2701
3695 2701
3696 2701
3697 2701
3698 2701
3699 2701
3700 2701
3701 2701
3702 2701
3703 2701
3704 2701
3705 2701
3706 2701
3707 2701
3708 2701
3709 2701
3710 2701
3711 2701
3712 2701
3713 2701
3714 2701
3715 2701
3716 2701
3717 2701
3718 2701
3719 2701
3720 2701
3721 2701
3722 2701
3723 2701
3724 2701
3725 2701
3726 2701
3727 2701
3728 2701
3729 2701
3730 2701
3731 2701
3732 2701
3733 2701
3734 2701
3735 2701
3736 2701
3737 2701
3738 2701
3739 2701
3740 2701
3741 2701
3742 2701
3743 2701
3744 2701
3745 2701
3746 2701
3747 2701
3748 2701
3749 2701
3750 2701
3751 2701
3752 2701
3753 2701
3754 2701
3755 2701
3756 2701
3757 2701
3758 2701
3759 2701
3760 2701
3761 2701
3762 2701
3763 2701
3764 2701
3765 2701
3766 2701
3767 2701
3768 2701
3769 2701
3770 2701
3771 2701
3772 2701
3773 2701
3774 2701
3775 2701
3776 2701
3777 2701
3778 2701
3779 2701
3780 2701
3781 2701
3782 2701
3783 2701
3784 2701
3785 2701
3786 2701
3787 2701
3788 2701
3789 2701
3790 2701
3791 2701
3792 2701
3793 2701
3794 2701
3795 2701
3796 2701
3797 2701
3798 2701
3799 2701
3800 2701
3801 2701
3802 2701
3803 2701
3804 2701
3805 2701
3806 2701
3807 2701
3808 2701
3809 2701
3810 2701
3811 2701
3812 2701
3813 2701
3814 2701
3815 2701
3816 2701
3817 2701
3818 2701
3819 2701
3820 2701
3821 2701
3822 2701
3823 2701
3824 2701
3825 2701
3826 2701
3827 2701
3828 2701
3829 2701
3830 2701
3831 2701
3832 2701
3833 2701
3834 2701
3835 2701
3836 2701
3837 2701
3838 2701
3839 2701
3840 2701
3841 2701
3842 2701
3843 2701
3844 2701
3845 2701
3846 2701
3847 2701
3848 2701
3849 2701
3850 2701
3851 2701
3852 2701
3853 2701
3854 2701
3855 2701
3856 2701
3857 2701
3858 2701
3859 2701
3860 2701
3861 2701
3862 2701
3863 2701
3864 2701
3865 2701
3866 2701
3867 2701
3868 2701
3869 2701
3870 2701
3871 2701
3872 2701
3873 2701
3874 2701
3875 2701
3876 2701
3877 2701
3878 2701
3879 2701
3880 2701
3881 2701
3882 2701
3883 2701
3884 2701
3885 2701
3886 2701
3887 2701
3888 2701
3889 2701
3890 2701
3891 2701
3892 2701
3893 2701
3894 2701
3895 2701
3896 2701
3897 2701
3898 2701
3899 2701
3900 2701
3901 2701
3902 2701
3903 2701
3904 2701
3905 2701
3906 2701
3907 2701
3908 2701
3909 2701
3910 2701
3911 2701
3912 2701
3913 2701
3914 2701
3915 2701
3916 2701
3917 2701
3918 2701
3919 2701
3920 2701
3921 2701
3922 2701
3923 2701
3924 2701
3925 2701
3926 2701
3927 2701
3928 2701
3929 2701
3930 2701
3931 2701
3932 2701
3933 2701
3934 2701
3935 2701
3936 2701
3937 2701
3938 2701
3939 2701
3940 2701
3941 2701
3942 2701
3943 2701
3944 2701
3945 2701
3946 2701
3947 2701
3948 2701
3949 2701
3950 2701
3951 2701
3952 2701
3953 2701
3954 2701
3955 2701
3956 2701
3957 2701
3958 2701
3959 2701
3960 2701
3961 2701
3962 2701
3963 2701
3964 2701
3965 2701
3966 2701
3967 2701
3968 2701
3969 2701
3970 2701
3971 2701
3972 2701
3973 2701
3974 2701
3975 2701
3976 2701
3977 2701
3978 2701
3979 2701
3980 2701
3981 2701
3982 2701
3983 2701
3984 2701
3985 2701
3986 2701
3987 2701
3988 2701
3989 2701
3990 2701
3991 2701
3992 2701
3993 2701
3994 2701
3995 2701
3996 2701
3997 2701
3998 2701
3999 2701
4000 5978
4001 5978
4002 5978
4003 5978
4004 5978
4005 5978
4006 5978
4007 5978
4008 5978
4009 5978
4010 5978
4011 5978
4012 5978
4013 5978
4014 5978
4015 5978
4016 5978
4017 5978
4018 5978
4019 5978
4020 5978
4021 5978
4022 5978
4023 5978
4024 5978
4025 5978
4026 5978
4027 5978
4028 5978
4029 5978
4030 5978
4031 5978
4032 5978
4033 5978
4034 5978
4035 5978
4036 5978
4037 5978
4038 5978
4039 5978
4040 5978
4041 5978
4042 5978
4043 5978
4044 5978
4045 5978
4046 5978
4047 5978
4048 5978
4049 5978
4050 5978
4051 5978
4052 5978
4053 5978
4054 5978
4055 5978
4056 5978
4057 5978
4058 5978
4059 5978
4060 5978
4061 5978
4062 5978
4063 5978
4064 5978
4065 5978
4066 5978
4067 5978
4068 5978
4069 5978
4070 5978
4071 5978
4072 5978
4073 5978
4074 5978
4075 5978
4076 5978
4077 5978
4078 5978
4079 5978
4080 5978
4081 5978
4082 5978
4083 5978
4084 5978
4085 5978
4086 5978
4087 5978
4088 5978
4089 5978
4090 5978
4091 5978
4092 5978
4093 5978
4094 5978
4095 5978
4096 5978
4097 5978
4098 5978
4099 5978
4100 5978
4101 5978
4102 5978
4103 5978
4104 5978
4105 5978
4106 5978
4107 5978
4108 5978
4109 5978
4110 5978
4111 5978
4112 5978
4113 5978
4114 5978
4115 5978
4116 5978
4117 5978
4118 5978
4119 5978
4120 5978
4121 5978
4122 5978
4123 5978
4124 5978
4125 5978
4126 5978
4127 5978
4128 5978
4129 5978
4130 5978
4131 5978
4132 5978
4133 5978
4134 5978
4135 5978
4136 5978
4137 5978
4138 5978
4139 5978
4140 5978
4141 5978
4142 5978
4143 5978
4144 5978
4145 5978
4146 5978
4147 5978
4148 5978
4149 5978
4150 5978
4151 5978
4152 5978
4153 5978
4154 5978
4155 5978
4156 5978
4157 5978
4158 5978
4159 5978
4160 5978
4161 5978
4162 5978
4163 5978
4164 5978
4165 5978
4166 5978
4167 5978
4168 5978
4169 5978
4170 5978
4171 5978
4172 5978
4173 5978
4174 5978
4175 5978
4176 5978
4177 5978
4178 5978
4179 5978
4180 5978
4181 5978
4182 5978
4183 5978
4184 5978
4185 5978
4186 5978
4187 5978
4188 5978
4189 5978
4190 5978
4191 5978
4192 5978
4193 5978
4194 5978
4195 5978
4196 5978
4197 5978
4198 5978
4199 5978
4200 5978
4201 5978
4202 5978
4203 5978
4204 5978
4205 5978
4206 5978
4207 5978
4208 5978
4209 5978
4210 5978
4211 5978
4212 5978
4213 5978
4214 5978
4215 5978
4216 5978
4217 5978
4218 5978
4219 5978
4220 5978
4221 5978
4222 5978
4223 5978
4224 5978
4225 5978
4226 5978
4227 5978
4228 5978
4229 5978
4230 5978
4231 5978
4232 5978
4233 5978
4234 5978
4235 5978
4236 5978
4237 5978
4238 5978
4239 5978
4240 5978
4241 5978
4242 5978
4243 5978
4244 5978
4245 5978
4246 5978
4247 5978
4248 5978
4249 5978
4250 5978
4251 5978
4252 5978
4253 5978
4254 5978
4255 5978
4256 5978
4257 5978
4258 5978
4259 5978
4260 5978
4261 5978
4262 5978
4263 5978
4264 5978
4265 5978
4266 5978
4267 5978
4268 5978
4269 5978
4270 5978
4271 5978
4272 5978
4273 5978
4274 5978
4275 5978
4276 5978
4277 5978
4278 5978
4279 5978
4280 5978
4281 5978
4282 5978
4283 5978
4284 5978
4285 5978
4286 5978
4287 5978
4288 5978
4289 5978
4290 5978
4291 5978
4292 5978
4293 5978
4294 5978
4295 5978
4296 5978
4297 5978
4298 5978
4299 5978
4300 5978
4301 5978
4302 5978
4303 5978
4304 5978
4305 5978
4306 5978
4307 5978
4308 5978
4309 5978
4310 5978
4311 5978
4312 5978
4313 5978
4314 5978
4315 5978
4316 5978
4317 5978
4318 5978
4319 5978
4320 5978
4321 5978
4322 5978
4323 5978
4324 5978
4325 5978
4326 5978
4327 5978
4328 5978
4329 5978
4330 5978
4331 5978
4332 5978
4333 5978
4334 5978
4335 5978
4336 5978
4337 5978
4338 5978
4339 5978
4340 5978
4341 5978
4342 5978
4343 5978
4344 5978
4345 5978
4346 5978
4347 5978
4348 5978
4349 5978
4350 5978
4351 5978
4352 5978
4353 5978
4354 5978
4355 5978
4356 5978
4357 5978
4358 5978
4359 5978
4360 5978
4361 5978
4362 5978
4363 5978
4364 5978
4365 5978
4366 5978
4367 5978
4368 5978
4369 5978
4370 5978
4371 5978
4372 5978
4373 5978
4374 5978
4375 5978
4376 5978
4377 5978
4378 5978
4379 5978
4380 5978
4381 5978
4382 5978
4383 5978
4384 5978
4385 5978
4386 5978
4387 5978
4388 5978
4389 5978
4390 5978
4391 5978
4392 5978
4393 5978
4394 5978
4395 5978
4396 5978
4397 5978
4398 5978
4399 5978
4400 5978
4401 5978
4402 5978
4403 5978
4404 5978
4405 5978
4406 5978
4407 5978
4408 5978
4409 5978
4410 5978
4411 5978
4412 5978
4413 5978
4414 5978
4415 5978
4416 5978
4417 5978
4418 5978
4419 5978
4420 5978
4421 5978
4422 5978
4423 5978
4424 5978
4425 5978
4426 5978
4427 5978
4428 5978
4429 5978
4430 5978
4431 5978
4432 5978
4433 5978
4434 5978
4435 5978
4436 5978
4437 5978
4438 5978
4439 5978
4440 5978
4441 5978
4442 5978
4443 5978
4444 5978
4445 5978
4446 5978
4447 5978
4448 5978
4449 5978
4450 5978
4451 5978
4452 5978
4453 5978
4454 5978
4455 5978
4456 5978
4457 5978
4458 5978
4459 5978
4460 5978
4461 5978
4462 5978
4463 5978
4464 5978
4465 5978
4466 5978
4467 5978
4468 5978
4469 5978
4470 5978
4471 5978
4472 5978
4473 5978
4474 5978
4475 5978
4476 5978
4477 5978
4478 5978
4479 5978
4480 5978
4481 5978
4482 5978
4483 5978
4484 5978
4485 5978
4486 5978
4487 5978
4488 5978
4489 5978
4490 5978
4491 5978
4492 5978
4493 5978
4494 5978
4495 5978
4496 5978
4497 5978
4498 5978
4499 5978
4500 5978
4501 5978
4502 5978
4503 5978
4504 5978
4505 5978
4506 5978
4507 5978
4508 5978
4509 5978
4510 5978
4511 5978
4512 5978
4513 5978
4514 5978
4515 5978
4516 5978
4517 5978
4518 5978
4519 5978
4520 5978
4521 5978
4522 5978
4523 5978
4524 5978
4525 5978
4526 5978
4527 5978
4528 5978
4529 5978
4530 5978
4531 5978
4532 5978
4533 5978
4534 5978
4535 5978
4536 5978
4537 5978
4538 5978
4539 5978
4540 5978
4541 5978
4542 5978
4543 5978
4544 5978
4545 5978
4546 5978
4547 5978
4548 5978
4549 5978
4550 5978
4551 5978
4552 5978
4553 5978
4554 5978
4555 5978
4556 5978
4557 5978
4558 5978
4559 5978
4560 5978
4561 5978
4562 5978
4563 5978
4564 5978
4565 5978
4566 5978
4567 5978
4568 5978
4569 5978
4570 5978
4571 5978
4572 5978
4573 5978
4574 5978
4575 5978
4576 5978
4577 5978
4578 5978
4579 5978
4580 5978
4581 5978
4582 5978
4583 5978
4584 5978
4585 5978
4586 5978
4587 5978
4588 5978
4589 5978
4590 5978
4591 5978
4592 5978
4593 5978
4594 5978
4595 5978
4596 5978
4597 5978
4598 5978
4599 5978
4600 5978
4601 5978
4602 5978
4603 5978
4604 5978
4605 5978
4606 5978
4607 5978
4608 5978
4609 5978
4610 5978
4611 5978
4612 5978
4613 5978
4614 5978
4615 5978
4616 5978
4617 5978
4618 5978
4619 5978
4620 5978
4621 5978
4622 5978
4623 5978
4624 5978
4625 5978
4626 5978
4627 5978
4628 5978
4629 5978
4630 5978
4631 5978
4632 5978
4633 5978
4634 5978
4635 5978
4636 5978
4637 5978
4638 5978
4639 5978
4640 5978
4641 5978
4642 5978
4643 5978
4644 5978
4645 5978
4646 5978
4647 5978
4648 5978
4649 5978
4650 5978
4651 5978
4652 5978
4653 5978
4654 5978
4655 5978
4656 5978
4657 5978
4658 5978
4659 5978
4660 5978
4661 5978
4662 5978
4663 5978
4664 5978
4665 5978
4666 5978
4667 5978
4668 5978
4669 5978
4670 5978
4671 5978
4672 5978
4673 5978
4674 5978
4675 5978
4676 5978
4677 5978
4678 5978
4679 5978
4680 5978
4681 5978
4682 5978
4683 5978
4684 5978
4685 5978
4686 5978
4687 5978
4688 5978
4689 5978
4690 5978
4691 5978
4692 5978
4693 5978
4694 5978
4695 5978
4696 5978
4697 5978
4698 5978
4699 5978
4700 5978
4701 5978
4702 5978
4703 5978
4704 5978
4705 5978
4706 5978
4707 5978
4708 5978
4709 5978
4710 5978
4711 5978
4712 5978
4713 5978
4714 5978
4715 5978
4716 5978
4717 5978
4718 5978
4719 5978
4720 5978
4721 5978
4722 5978
4723 5978
4724 5978
4725 5978
4726 5978
4727 5978
4728 5978
4729 5978
4730 5978
4731 5978
4732 5978
4733 5978
4734 5978
4735 5978
4736 5978
4737 5978
4738 5978
4739 5978
4740 5978
4741 5978
4742 5978
4743 5978
4744 5978
4745 5978
4746 5978
4747 5978
4748 5978
4749 5978
4750 5978
4751 5978
4752 5978
4753 5978
4754 5978
4755 5978
4756 5978
4757 5978
4758 5978
4759 5978
4760 5978
4761 5978
4762 5978
4763 5978
4764 5978
4765 5978
4766 5978
4767 5978
4768 5978
4769 5978
4770 5978
4771 5978
4772 5978
4773 5978
4774 5978
4775 5978
4776 5978
4777 5978
4778 5978
4779 5978
4780 5978
4781 5978
4782 5978
4783 5978
4784 5978
4785 5978
4786 5978
4787 5978
4788 5978
4789 5978
4790 5978
4791 5978
4792 5978
4793 5978
4794 5978
4795 5978
4796 5978
4797 5978
4798 5978
4799 5978
4800 5978
4801 5978
4802 5978
4803 5978
4804 5978
4805 5978
4806 5978
4807 5978
4808 5978
4809 5978
4810 5978
4811 5978
4812 5978
4813 5978
4814 5978
4815 5978
4816 5978
4817 5978
4818 5978
4819 5978
4820 5978
4821 5978
4822 5978
4823 5978
4824 5978
4825 5978
4826 5978
4827 5978
4828 5978
4829 5978
4830 5978
4831 5978
4832 5978
4833 5978
4834 5978
4835 5978
4836 5978
4837 5978
4838 5978
4839 5978
4840 5978
4841 5978
4842 5978
4843 5978
4844 5978
4845 5978
4846 5978
4847 5978
4848 5978
4849 5978
4850 5978
4851 5978
4852 5978
4853 5978
4854 5978
4855 5978
4856 5978
4857 5978
4858 5978
4859 5978
4860 5978
4861 5978
4862 5978
4863 5978
4864 5978
4865 5978
4866 5978
4867 5978
4868 5978
4869 5978
4870 5978
4871 5978
4872 5978
4873 5978
4874 5978
4875 5978
4876 5978
4877 5978
4878 5978
4879 5978
4880 5978
4881 5978
4882 5978
4883 5978
4884 5978
4885 5978
4886 5978
4887 5978
4888 5978
4889 5978
4890 5978
4891 5978
4892 5978
4893 5978
4894 5978
4895 5978
4896 5978
4897 5978
4898 5978
4899 5978
4900 5978
4901 5978
4902 5978
4903 5978
4904 5978
4905 5978
4906 5978
4907 5978
4908 5978
4909 5978
4910 5978
4911 5978
4912 5978
4913 5978
4914 5978
4915 5978
4916 5978
4917 5978
4918 5978
4919 5978
4920 5978
4921 5978
4922 5978
4923 5978
4924 5978
4925 5978
4926 5978
4927 5978
4928 5978
4929 5978
4930 5978
4931 5978
4932 5978
4933 5978
4934 5978
4935 5978
4936 5978
4937 5978
4938 5978
4939 5978
4940 5978
4941 5978
4942 5978
4943 5978
4944 5978
4945 5978
4946 5978
4947 5978
4948 5978
4949 5978
4950 5978
4951 5978
4952 5978
4953 5978
4954 5978
4955 5978
4956 5978
4957 5978
4958 5978
4959 5978
4960 5978
4961 5978
4962 5978
4963 5978
4964 5978
4965 5978
4966 5978
4967 5978
4968 5978
4969 5978
4970 5978
4971 5978
4972 5978
4973 5978
4974 5978
4975 5978
4976 5978
4977 5978
4978 5978
4979 5978
4980 5978
4981 5978
4982 5978
4983 5978
4984 5978
4985 5978
4986 5978
4987 5978
4988 5978
4989 5978
4990 5978
4991 5978
4992 5978
4993 5978
4994 5978
4995 5978
4996 5978
4997 5978
4998 5978
4999 5978
5000 5978
5001 5978
5002 5978
5003 5978
5004 5978
5005 5978
5006 5978
5007 5978
5008 5978
5009 5978
5010 5978
5011 5978
5012 5978
5013 5978
5014 5978
5015 5978
5016 5978
5017 5978
5018 5978
5019 5978
5020 5978
5021 5978
5022 5978
5023 5978
5024 5978
5025 5978
5026 5978
5027 5978
5028 5978
5029 5978
5030 5978
5031 5978
5032 5978
5033 5978
5034 5978
5035 5978
5036 5978
5037 5978
5038 5978
5039 5978
5040 5978
5041 5978
5042 5978
5043 5978
5044 5978
5045 5978
5046 5978
5047 5978
5048 5978
5049 5978
5050 5978
5051 5978
5052 5978
5053 5978
5054 5978
5055 5978
5056 5978
5057 5978
5058 5978
5059 5978
5060 5978
5061 5978
5062 5978
5063 5978
5064 5978
5065 5978
5066 5978
5067 5978
5068 5978
5069 5978
5070 5978
5071 5978
5072 5978
5073 5978
5074 5978
5075 5978
5076 5978
5077 5978
5078 5978
5079 5978
5080 5978
5081 5978
5082 5978
5083 5978
5084 5978
5085 5978
5086 5978
5087 5978
5088 5978
5089 5978
5090 5978
5091 5978
5092 5978
5093 5978
5094 5978
5095 5978
5096 5978
5097 5978
5098 5978
5099 5978
5100 5978
5101 5978
5102 5978
5103 5978
5104 5978
5105 5978
5106 5978
5107 5978
5108 5978
5109 5978
5110 5978
5111 5978
5112 5978
5113 5978
5114 5978
5115 5978
5116 5978
5117 5978
5118 5978
5119 5978
5120 5978
5121 5978
5122 5978
5123 5978
5124 5978
5125 5978
5126 5978
5127 5978
5128 5978
5129 5978
5130 5978
5131 5978
5132 5978
5133 5978
5134 5978
5135 5978
5136 5978
5137 5978
5138 5978
5139 5978
5140 5978
5141 5978
5142 5978
5143 5978
5144 5978
5145 5978
5146 5978
5147 5978
5148 5978
5149 5978
5150 5978
5151 5978
5152 5978
5153 5978
5154 5978
5155 5978
5156 5978
5157 5978
5158 5978
5159 5978
5160 5978
5161 5978
5162 5978
5163 5978
5164 5978
5165 5978
5166 5978
5167 5978
5168 5978
5169 5978
5170 5978
5171 5978
5172 5978
5173 5978
5174 5978
5175 5978
5176 5978
5177 5978
5178 5978
5179 5978
5180 5978
5181 5978
5182 5978
5183 5978
5184 5978
5185 5978
5186 5978
5187 5978
5188 5978
5189 5978
5190 5978
5191 5978
5192 5978
5193 5978
5194 5978
5195 5978
5196 5978
5197 5978
5198 5978
5199 5978
5200 5978
5201 5978
5202 5978
5203 5978
5204 5978
5205 5978
5206 5978
5207 5978
5208 5978
5209 5978
5210 5978
5211 5978
5212 5978
5213 5978
5214 5978
5215 5978
5216 5978
5217 5978
5218 5978
5219 5978
5220 5978
5221 5978
5222 5978
5223 5978
5224 5978
5225 5978
5226 5978
5227 5978
5228 5978
5229 5978
5230 5978
5231 5978
5232 5978
5233 5978
5234 5978
5235 5978
5236 5978
5237 5978
5238 5978
5239 5978
5240 5978
5241 5978
5242 5978
5243 5978
5244 5978
5245 5978
5246 5978
5247 5978
5248 5978
5249 5978
5250 5978
5251 5978
5252 5978
5253 5978
5254 5978
5255 5978
5256 5978
5257 5978
5258 5978
5259 5978
5260 5978
5261 5978
5262 5978
5263 5978
5264 5978
5265 5978
5266 5978
5267 5978
5268 5978
5269 5978
5270 5978
5271 5978
5272 5978
5273 5978
5274 5978
5275 5978
5276 5978
5277 5978
5278 5978
5279 5978
5280 5978
5281 5978
5282 5978
5283 5978
5284 5978
5285 5978
5286 5978
5287 5978
5288 5978
5289 5978
5290 5978
5291 5978
5292 5978
5293 5978
5294 5978
5295 5978
5296 5978
5297 5978
5298 5978
5299 5978
5300 5978
5301 5978
5302 5978
5303 5978
5304 5978
5305 5978
5306 5978
5307 5978
5308 5978
5309 5978
5310 5978
5311 5978
5312 5978
5313 5978
5314 5978
5315 5978
5316 5978
5317 5978
5318 5978
5319 5978
5320 5978
5321 5978
5322 5978
5323 5978
5324 5978
5325 5978
5326 5978
5327 5978
5328 5978
5329 5978
5330 5978
5331 5978
5332 5978
5333 5978
5334 5978
5335 5978
5336 5978
5337 5978
5338 5978
5339 5978
5340 5978
5341 5978
5342 5978
5343 5978
5344 5978
5345 5978
5346 5978
5347 5978
5348 5978
5349 5978
5350 5978
5351 5978
5352 5978
5353 5978
5354 5978
5355 5978
5356 5978
5357 5978
5358 5978
5359 5978
5360 5978
5361 5978
5362 5978
5363 5978
5364 5978
5365 5978
5366 5978
5367 5978
5368 5978
5369 5978
5370 5978
5371 5978
5372 5978
5373 5978
5374 5978
5375 5978
5376 5978
5377 5978
5378 5978
5379 5978
5380 5978
5381 5978
5382 5978
5383 5978
5384 5978
5385 5978
5386 5978
5387 5978
5388 5978
5389 5978
5390 5978
5391 5978
5392 5978
5393 5978
5394 5978
5395 5978
5396 5978
5397 5978
5398 5978
5399 5978
5400 5978
5401 5978
5402 5978
5403 5978
5404 5978
5405 5978
5406 5978
5407 5978
5408 5978
5409 5978
5410 5978
5411 5978
5412 5978
5413 5978
5414 5978
5415 5978
5416 5978
5417 5978
5418 5978
5419 5978
5420 5978
5421 5978
5422 5978
5423 5978
5424 5978
5425 5978
5426 5978
5427 5978
5428 5978
5429 5978
5430 5978
5431 5978
5432 5978
5433 5978
5434 5978
5435 5978
5436 5978
5437 5978
5438 5978
5439 5978
5440 5978
5441 5978
5442 5978
5443 5978
5444 5978
5445 5978
5446 5978
5447 5978
5448 5978
5449 5978
5450 5978
5451 5978
5452 5978
5453 5978
5454 5978
5455 5978
5456 5978
5457 5978
5458 5978
5459 5978
5460 5978
5461 5978
5462 5978
5463 5978
5464 5978
5465 5978
5466 5978
5467 5978
5468 5978
5469 5978
5470 5978
5471 5978
5472 5978
5473 5978
5474 5978
5475 5978
5476 5978
5477 5978
5478 5978
5479 5978
5480 5978
5481 5978
5482 5978
5483 5978
5484 5978
5485 5978
5486 5978
5487 5978
5488 5978
5489 5978
5490 5978
5491 5978
5492 5978
5493 5978
5494 5978
5495 5978
5496 5978
5497 5978
5498 5978
5499 5978
5500 5978
5501 5978
5502 5978
5503 5978
5504 5978
5505 5978
5506 5978
5507 5978
5508 5978
5509 5978
5510 5978
5511 5978
5512 5978
5513 5978
5514 5978
5515 5978
5516 5978
5517 5978
5518 5978
5519 5978
5520 5978
5521 5978
5522 5978
5523 5978
5524 5978
5525 5978
5526 5978
5527 5978
5528 5978
5529 5978
5530 5978
5531 5978
5532 5978
5533 5978
5534 5978
5535 5978
5536 5978
5537 5978
5538 5978
5539 5978
5540 5978
5541 5978
5542 5978
5543 5978
5544 5978
5545 5978
5546 5978
5547 5978
5548 5978
5549 5978
5550 5978
5551 5978
5552 5978
5553 5978
5554 5978
5555 5978
5556 5978
5557 5978
5558 5978
5559 5978
5560 5978
5561 5978
5562 5978
5563 5978
5564 5978
5565 5978
5566 5978
5567 5978
5568 5978
5569 5978
5570 5978
5571 5978
5572 5978
5573 5978
5574 5978
5575 5978
5576 5978
5577 5978
5578 5978
5579 5978
5580 5978
5581 5978
5582 5978
5583 5978
5584 5978
5585 5978
5586 5978
5587 5978
5588 5978
5589 5978
5590 5978
5591 5978
5592 5978
5593 5978
5594 5978
5595 5978
5596 5978
5597 5978
5598 5978
5599 5978
5600 5978
5601 5978
5602 5978
5603 5978
5604 5978
5605 5978
5606 5978
5607 5978
5608 5978
5609 5978
5610 5978
5611 5978
5612 5978
5613 5978
5614 5978
5615 5978
5616 5978
5617 5978
5618 5978
5619 5978
5620 5978
5621 5978
5622 5978
5623 5978
5624 5978
5625 5978
5626 5978
5627 5978
5628 5978
5629 5978
5630 5978
5631 5978
5632 5978
5633 5978
5634 5978
5635 5978
5636 5978
5637 5978
5638 5978
5639 5978
5640 5978
5641 5978
5642 5978
5643 5978
5644 5978
5645 5978
5646 5978
5647 5978
5648 5978
5649 5978
5650 5978
5651 5978
5652 5978
5653 5978
5654 5978
5655 5978
5656 5978
5657 5978
5658 5978
5659 5978
5660 5978
5661 5978
5662 5978
5663 5978
5664 5978
5665 5978
5666 5978
5667 5978
5668 5978
5669 5978
5670 5978
5671 5978
5672 5978
5673 5978
5674 5978
5675 5978
5676 5978
5677 5978
5678 5978
5679 5978
5680 5978
5681 5978
5682 5978
5683 5978
5684 5978
5685 5978
5686 5978
5687 5978
5688 5978
5689 5978
5690 5978
5691 5978
5692 5978
5693 5978
5694 5978
5695 5978
5696 5978
5697 5978
5698 5978
5699 5978
5700 5978
5701 5978
5702 5978
5703 5978
5704 5978
5705 5978
5706 5978
5707 5978
5708 5978
5709 5978
5710 5978
5711 5978
5712 5978
5713 5978
5714 5978
5715 5978
5716 5978
5717 5978
5718 5978
5719 5978
5720 5978
5721 5978
5722 5978
5723 5978
5724 5978
5725 5978
5726 5978
5727 5978
5728 5978
5729 5978
5730 5978
5731 5978
5732 5978
5733 5978
5734 5978
5735 5978
5736 5978
5737 5978
5738 5978
5739 5978
5740 5978
5741 5978
5742 5978
5743 5978
5744 5978
5745 5978
5746 5978
5747 5978
5748 5978
5749 5978
5750 5978
5751 5978
5752 5978
5753 5978
5754 5978
5755 5978
5756 5978
5757 5978
5758 5978
5759 5978
5760 5978
5761 5978
5762 5978
5763 5978
5764 5978
5765 5978
5766 5978
5767 5978
5768 5978
5769 5978
5770 5978
5771 5978
5772 5978
5773 5978
5774 5978
5775 5978
5776 5978
5777 5978
5778 5978
5779 5978
5780 5978
5781 5978
5782 5978
5783 5978
5784 5978
5785 5978
5786 5978
5787 5978
5788 5978
5789 5978
5790 5978
5791 5978
5792 5978
5793 5978
5794 5978
5795 5978
5796 5978
5797 5978
5798 5978
5799 5978
5800 5978
5801 5978
5802 5978
5803 5978
5804 5978
5805 5978
5806 5978
5807 5978
5808 5978
5809 5978
5810 5978
5811 5978
5812 5978
5813 5978
5814 5978
5815 5978
5816 5978
5817 5978
5818 5978
5819 5978
5820 5978
5821 5978
5822 5978
5823 5978
5824 5978
5825 5978
5826 5978
5827 5978
5828 5978
5829 5978
5830 5978
5831 5978
5832 5978
5833 5978
5834 5978
5835 5978
5836 5978
5837 5978
5838 5978
5839 5978
5840 5978
5841 5978
5842 5978
5843 5978
5844 5978
5845 5978
5846 5978
5847 5978
5848 5978
5849 5978
5850 5978
5851 5978
5852 5978
5853 5978
5854 5978
5855 5978
5856 5978
5857 5978
5858 5978
5859 5978
5860 5978
5861 5978
5862 5978
5863 5978
5864 5978
5865 5978
5866 5978
5867 5978
5868 5978
5869 5978
5870 5978
5871 5978
5872 5978
5873 5978
5874 5978
5875 5978
5876 5978
5877 5978
5878 5978
5879 5978
5880 5978
5881 5978
5882 5978
5883 5978
5884 5978
5885 5978
5886 5978
5887 5978
5888 5978
5889 5978
5890 5978
5891 5978
5892 5978
5893 5978
5894 5978
5895 5978
5896 5978
5897 5978
5898 5978
5899 5978
5900 5978
5901 5978
5902 5978
5903 5978
5904 5978
5905 5978
5906 5978
5907 5978
5908 5978
5909 5978
5910 5978
5911 5978
5912 5978
5913 5978
5914 5978
5915 5978
5916 5978
5917 5978
5918 5978
5919 5978
5920 5978
5921 5978
5922 5978
5923 5978
5924 5978
5925 5978
5926 5978
5927 5978
5928 5978
5929 5978
5930 5978
5931 5978
5932 5978
5933 5978
5934 5978
5935 5978
5936 5978
5937 5978
5938 5978
5939 5978
5940 5978
5941 5978
5942 5978
5943 5978
5944 5978
5945 5978
5946 5978
5947 5978
5948 5978
5949 5978
5950 5978
5951 5978
5952 5978
5953 5978
5954 5978
5955 5978
5956 5978
5957 5978
5958 5978
5959 5978
5960 5978
5961 5978
5962 5978
5963 5978
5964 5978
5965 5978
5966 5978
5967 5978
5968 5978
5969 5978
5970 5978
5971 5978
5972 5978
5973 5978
5974 5978
5975 5978
5976 5978
5977 5978
5978 5978
5979 5978
5980 5978
5981 5978
5982 5978
5983 5978
5984 5978
5985 5978
5986 5978
5987 5978
5988 5978
5989 5978
5990 5978
5991 5978
5992 5978
5993 5978
5994 5978
5995 5978
5996 5978
5997 5978
5998 5978
5999 5978
6000 6293
6001 6293
6002 6293
6003 6293
6004 6293
6005 6293
6006 6293
6007 6293
6008 6293
6009 6293
6010 6293
6011 6293
6012 6293
6013 6293
6014 6293
6015 6293
6016 6293
6017 6293
6018 6293
6019 6293
6020 6293
6021 6293
6022 6293
6023 6293
6024 6293
6025 6293
6026 6293
6027 6293
6028 6293
6029 6293
6030 6293
6031 6293
6032 6293
6033 6293
6034 6293
6035 6293
6036 6293
6037 6293
6038 6293
6039 6293
6040 6293
6041 6293
6042 6293
6043 6293
6044 6293
6045 6293
6046 6293
6047 6293
6048 6293
6049 6293
6050 6293
6051 6293
6052 6293
6053 6293
6054 6293
6055 6293
6056 6293
6057 6293
6058 6293
6059 6293
6060 6293
6061 6293
6062 6293
6063 6293
6064 6293
6065 6293
6066 6293
6067 6293
6068 6293
6069 6293
6070 6293
6071 6293
6072 6293
6073 6293
6074 6293
6075 6293
6076 6293
6077 6293
6078 6293
6079 6293
6080 6293
6081 6293
6082 6293
6083 6293
6084 6293
6085 6293
6086 6293
6087 6293
6088 6293
6089 6293
6090 6293
6091 6293
6092 6293
6093 6293
6094 6293
6095 6293
6096 6293
6097 6293
6098 6293
6099 6293
6100 6293
6101 6293
6102 6293
6103 6293
6104 6293
6105 6293
6106 6293
6107 6293
6108 6293
6109 6293
6110 6293
6111 6293
6112 6293
6113 6293
6114 6293
6115 6293
6116 6293
6117 6293
6118 6293
6119 6293
6120 6293
6121 6293
6122 6293
6123 6293
6124 6293
6125 6293
6126 6293
6127 6293
6128 6293
6129 6293
6130 6293
6131 6293
6132 6293
6133 6293
6134 6293
6135 6293
6136 6293
6137 6293
6138 6293
6139 6293
6140 6293
6141 6293
6142 6293
6143 6293
6144 6293
6145 6293
6146 6293
6147 6293
6148 6293
6149 6293
6150 6293
6151 6293
6152 6293
6153 6293
6154 6293
6155 6293
6156 6293
6157 6293
6158 6293
6159 6293
6160 6293
6161 6293
6162 6293
6163 6293
6164 6293
6165 6293
6166 6293
6167 6293
6168 6293
6169 6293
6170 6293
6171 6293
6172 6293
6173 6293
6174 6293
6175 6293
6176 6293
6177 6293
6178 6293
6179 6293
6180 6293
6181 6293
6182 6293
6183 6293
6184 6293
6185 6293
6186 6293
6187 6293
6188 6293
6189 6293
6190 6293
6191 6293
6192 6293
6193 6293
6194 6293
6195 6293
6196 6293
6197 6293
6198 6293
6199 6293
6200 6293
6201 6293
6202 6293
6203 6293
6204 6293
6205 6293
6206 6293
6207 6293
6208 6293
6209 6293
6210 6293
6211 6293
6212 6293
6213 6293
6214 6293
6215 6293
6216 6293
6217 6293
6218 6293
6219 6293
6220 6293
6221 6293
6222 6293
6223 6293
6224 6293
6225 6293
6226 6293
6227 6293
6228 6293
6229 6293
6230 6293
6231 6293
6232 6293
6233 6293
6234 6293
6235 6293
6236 6293
6237 6293
6238 6293
6239 6293
6240 6293
6241 6293
6242 6293
6243 6293
6244 6293
6245 6293
6246 6293
6247 6293
6248 6293
6249 6293
6250 6293
6251 6293
6252 6293
6253 6293
6254 6293
6255 6293
6256 6293
6257 6293
6258 6293
6259 6293
6260 6293
6261 6293
6262 6293
6263 6293
6264 6293
6265 6293
6266 6293
6267 6293
6268 6293
6269 6293
6270 6293
6271 6293
6272 6293
6273 6293
6274 6293
6275 6293
6276 6293
6277 6293
6278 6293
6279 6293
6280 6293
6281 6293
6282 6293
6283 6293
6284 6293
6285 6293
6286 6293
6287 6293
6288 6293
6289 6293
6290 6293
6291 6293
6292 6293
6293 6293
6294 6293
6295 6293
6296 6293
6297 6293
6298 6293
6299 6293
6300 6293
6301 6293
6302 6293
6303 6293
6304 6293
6305 6293
6306 6293
6307 6293
6308 6293
6309 6293
6310 6293
6311 6293
6312 6293
6313 6293
6314 6293
6315 6293
6316 6293
6317 6293
6318 6293
6319 6293
6320 6293
6321 6293
6322 6293
6323 6293
6324 6293
6325 6293
6326 6293
6327 6293
6328 6293
6329 6293
6330 6293
6331 6293
6332 6293
6333 6293
6334 6293
6335 6293
6336 6293
6337 6293
6338 6293
6339 6293
6340 6293
6341 6293
6342 6293
6343 6293
6344 6293
6345 6293
6346 6293
6347 6293
6348 6293
6349 6293
6350 6293
6351 6293
6352 6293
6353 6293
6354 6293
6355 6293
6356 6293
6357 6293
6358 6293
6359 6293
6360 6293
6361 6293
6362 6293
6363 6293
6364 6293
6365 6293
6366 6293
6367 6293
6368 6293
6369 6293
6370 6293
6371 6293
6372 6293
6373 6293
6374 6293
6375 6293
6376 6293
6377 6293
6378 6293
6379 6293
6380 6293
6381 6293
6382 6293
6383 6293
6384 6293
6385 6293
6386 6293
6387 6293
6388 6293
6389 6293
6390 6293
6391 6293
6392 6293
6393 6293
6394 6293
6395 6293
6396 6293
6397 6293
6398 6293
6399 6293
6400 6293
6401 6293
6402 6293
6403 6293
6404 6293
6405 6293
6406 6293
6407 6293
6408 6293
6409 6293
6410 6293
6411 6293
6412 6293
6413 6293
6414 6293
6415 6293
6416 6293
6417 6293
6418 6293
6419 6293
6420 6293
6421 6293
6422 6293
6423 6293
6424 6293
6425 6293
6426 6293
6427 6293
6428 6293
6429 6293
6430 6293
6431 6293
6432 6293
6433 6293
6434 6293
6435 6293
6436 6293
6437 6293
6438 6293
6439 6293
6440 6293
6441 6293
6442 6293
6443 6293
6444 6293
6445 6293
6446 6293
6447 6293
6448 6293
6449 6293
6450 6293
6451 6293
6452 6293
6453 6293
6454 6293
6455 6293
6456 6293
6457 6293
6458 6293
6459 6293
6460 6293
6461 6293
6462 6293
6463 6293
6464 6293
6465 6293
6466 6293
6467 6293
6468 6293
6469 6293
6470 6293
6471 6293
6472 6293
6473 6293
6474 6293
6475 6293
6476 6293
6477 6293
6478 6293
6479 6293
6480 6293
6481 6293
6482 6293
6483 6293
6484 6293
6485 6293
6486 6293
6487 6293
6488 6293
6489 6293
6490 6293
6491 6293
6492 6293
6493 6293
6494 6293
6495 6293
6496 6293
6497 6293
6498 6293
6499 6293
6500 6293
6501 6293
6502 6293
6503 6293
6504 6293
6505 6293
6506 6293
6507 6293
6508 6293
6509 6293
6510 6293
6511 6293
6512 6293
6513 6293
6514 6293
6515 6293
6516 6293
6517 6293
6518 6293
6519 6293
6520 6293
6521 6293
6522 6293
6523 6293
6524 6293
6525 6293
6526 6293
6527 6293
6528 6293
6529 6293
6530 6293
6531 6293
6532 6293
6533 6293
6534 6293
6535 6293
6536 6293
6537 6293
6538 6293
6539 6293
6540 6293
6541 6293
6542 6293
6543 6293
6544 6293
6545 6293
6546 6293
6547 6293
6548 6293
6549 6293
6550 6293
6551 6293
6552 6293
6553 6293
6554 6293
6555 6293
6556 6293
6557 6293
6558 6293
6559 6293
6560 6293
6561 6293
6562 6293
6563 6293
6564 6293
6565 6293
6566 6293
6567 6293
6568 6293
6569 6293
6570 6293
6571 6293
6572 6293
6573 6293
6574 6293
6575 6293
6576 6293
6577 6293
6578 6293
6579 6293
6580 6293
6581 6293
6582 6293
6583 6293
6584 6293
6585 6293
6586 6293
6587 6293
6588 6293
6589 6293
6590 6293
6591 6293
6592 6293
6593 6293
6594 6293
6595 6293
6596 6293
6597 6293
6598 6293
6599 6293
6600 6293
6601 6293
6602 6293
6603 6293
6604 6293
6605 6293
6606 6293
6607 6293
6608 6293
6609 6293
6610 6293
6611 6293
6612 6293
6613 6293
6614 6293
6615 6293
6616 6293
6617 6293
6618 6293
6619 6293
6620 6293
6621 6293
6622 6293
6623 6293
6624 6293
6625 6293
6626 6293
6627 6293
6628 6293
6629 6293
6630 6293
6631 6293
6632 6293
6633 6293
6634 6293
6635 6293
6636 6293
6637 6293
6638 6293
6639 6293
6640 6293
6641 6293
6642 6293
6643 6293
6644 6293
6645 6293
6646 6293
6647 6293
6648 6293
6649 6293
6650 6293
6651 6293
6652 6293
6653 6293
6654 6293
6655 6293
6656 6293
6657 6293
6658 6293
6659 6293
6660 6293
6661 6293
6662 6293
6663 6293
6664 6293
6665 6293
6666 6293
6667 6293
6668 6293
6669 6293
6670 6293
6671 6293
6672 6293
6673 6293
6674 6293
6675 6293
6676 6293
6677 6293
6678 6293
6679 6293
6680 6293
6681 6293
6682 6293
6683 6293
6684 6293
6685 6293
6686 6293
6687 6293
6688 6293
6689 6293
6690 6293
6691 6293
6692 6293
6693 6293
6694 6293
6695 6293
6696 6293
6697 6293
6698 6293
6699 6293
6700 6293
6701 6293
6702 6293
6703 6293
6704 6293
6705 6293
6706 6293
6707 6293
6708 6293
6709 6293
6710 6293
6711 6293
6712 6293
6713 6293
6714 6293
6715 6293
6716 6293
6717 6293
6718 6293
6719 6293
6720 6293
6721 6293
6722 6293
6723 6293
6724 6293
6725 6293
6726 6293
6727 6293
6728 6293
6729 6293
6730 6293
6731 6293
6732 6293
6733 6293
6734 6293
6735 6293
6736 6293
6737 6293
6738 6293
6739 6293
6740 6293
6741 6293
6742 6293
6743 6293
6744 6293
6745 6293
6746 6293
6747 6293
6748 6293
6749 6293
6750 6293
6751 6293
6752 6293
6753 6293
6754 6293
6755 6293
6756 6293
6757 6293
6758 6293
6759 6293
6760 6293
6761 6293
6762 6293
6763 6293
6764 6293
6765 6293
6766 6293
6767 6293
6768 6293
6769 6293
6770 6293
6771 6293
6772 6293
6773 6293
6774 6293
6775 6293
6776 6293
6777 6293
6778 6293
6779 6293
6780 6293
6781 6293
6782 6293
6783 6293
6784 6293
6785 6293
6786 6293
6787 6293
6788 6293
6789 6293
6790 6293
6791 6293
6792 6293
6793 6293
6794 6293
6795 6293
6796 6293
6797 6293
6798 6293
6799 6293
6800 6293
6801 6293
6802 6293
6803 6293
6804 6293
6805 6293
6806 6293
6807 6293
6808 6293
6809 6293
6810 6293
6811 6293
6812 6293
6813 6293
6814 6293
6815 6293
6816 6293
6817 6293
6818 6293
6819 6293
6820 6293
6821 6293
6822 6293
6823 6293
6824 6293
6825 6293
6826 6293
6827 6293
6828 6293
6829 6293
6830 6293
6831 6293
6832 6293
6833 6293
6834 6293
6835 6293
6836 6293
6837 6293
6838 6293
6839 6293
6840 6293
6841 6293
6842 6293
6843 6293
6844 6293
6845 6293
6846 6293
6847 6293
6848 6293
6849 6293
6850 6293
6851 6293
6852 6293
6853 6293
6854 6293
6855 6293
6856 6293
6857 6293
6858 6293
6859 6293
6860 6293
6861 6293
6862 6293
6863 6293
6864 6293
6865 6293
6866 6293
6867 6293
6868 6293
6869 6293
6870 6293
6871 6293
6872 6293
6873 6293
6874 6293
6875 6293
6876 6293
6877 6293
6878 6293
6879 6293
6880 6293
6881 6293
6882 6293
6883 6293
6884 6293
6885 6293
6886 6293
6887 6293
6888 6293
6889 6293
6890 6293
6891 6293
6892 6293
6893 6293
6894 6293
6895 6293
6896 6293
6897 6293
6898 6293
6899 6293
6900 6293
6901 6293
6902 6293
6903 6293
6904 6293
6905 6293
6906 6293
6907 6293
6908 6293
6909 6293
6910 6293
6911 6293
6912 6293
6913 6293
6914 6293
6915 6293
6916 6293
6917 6293
6918 6293
6919 6293
6920 6293
6921 6293
6922 6293
6923 6293
6924 6293
6925 6293
6926 6293
6927 6293
6928 6293
6929 6293
6930 6293
6931 6293
6932 6293
6933 6293
6934 6293
6935 6293
6936 6293
6937 6293
6938 6293
6939 6293
6940 6293
6941 6293
6942 6293
6943 6293
6944 6293
6945 6293
6946 6293
6947 6293
6948 6293
6949 6293
6950 6293
6951 6293
6952 6293
6953 6293
6954 6293
6955 6293
6956 6293
6957 6293
6958 6293
6959 6293
6960 6293
6961 6293
6962 6293
6963 6293
6964 6293
6965 6293
6966 6293
6967 6293
6968 6293
6969 6293
6970 6293
6971 6293
6972 6293
6973 6293
6974 6293
6975 6293
6976 6293
6977 6293
6978 6293
6979 6293
6980 6293
6981 6293
6982 6293
6983 6293
6984 6293
6985 6293
6986 6293
6987 6293
6988 6293
6989 6293
6990 6293
6991 6293
6992 6293
6993 6293
6994 6293
6995 6293
6996 6293
6997 6293
6998 6293
6999 6293
7000 6293
7001 6293
7002 6293
7003 6293
7004 6293
7005 6293
7006 6293
7007 6293
7008 6293
7009 6293
7010 6293
7011 6293
7012 6293
7013 6293
7014 6293
7015 6293
7016 6293
7017 6293
7018 6293
7019 6293
7020 6293
7021 6293
7022 6293
7023 6293
7024 6293
7025 6293
7026 6293
7027 6293
7028 6293
7029 6293
7030 6293
7031 6293
7032 6293
7033 6293
7034 6293
7035 6293
7036 6293
7037 6293
7038 6293
7039 6293
7040 6293
7041 6293
7042 6293
7043 6293
7044 6293
7045 6293
7046 6293
7047 6293
7048 6293
7049 6293
7050 6293
7051 6293
7052 6293
7053 6293
7054 6293
7055 6293
7056 6293
7057 6293
7058 6293
7059 6293
7060 6293
7061 6293
7062 6293
7063 6293
7064 6293
7065 6293
7066 6293
7067 6293
7068 6293
7069 6293
7070 6293
7071 6293
7072 6293
7073 6293
7074 6293
7075 6293
7076 6293
7077 6293
7078 6293
7079 6293
7080 6293
7081 6293
7082 6293
7083 6293
7084 6293
7085 6293
7086 6293
7087 6293
7088 6293
7089 6293
7090 6293
7091 6293
7092 6293
7093 6293
7094 6293
7095 6293
7096 6293
7097 6293
7098 6293
7099 6293
7100 6293
7101 6293
7102 6293
7103 6293
7104 6293
7105 6293
7106 6293
7107 6293
7108 6293
7109 6293
7110 6293
7111 6293
7112 6293
7113 6293
7114 6293
7115 6293
7116 6293
7117 6293
7118 6293
7119 6293
7120 6293
7121 6293
7122 6293
7123 6293
7124 6293
7125 6293
7126 6293
7127 6293
7128 6293
7129 6293
7130 6293
7131 6293
7132 6293
7133 6293
7134 6293
7135 6293
7136 6293
7137 6293
7138 6293
7139 6293
7140 6293
7141 6293
7142 6293
7143 6293
7144 6293
7145 6293
7146 6293
7147 6293
7148 6293
7149 6293
7150 6293
7151 6293
7152 6293
7153 6293
7154 6293
7155 6293
7156 6293
7157 6293
7158 6293
7159 6293
7160 6293
7161 6293
7162 6293
7163 6293
7164 6293
7165 6293
7166 6293
7167 6293
7168 6293
7169 6293
7170 6293
7171 6293
7172 6293
7173 6293
7174 6293
7175 6293
7176 6293
7177 6293
7178 6293
7179 6293
7180 6293
7181 6293
7182 6293
7183 6293
7184 6293
7185 6293
7186 6293
7187 6293
7188 6293
7189 6293
7190 6293
7191 6293
7192 6293
7193 6293
7194 6293
7195 6293
7196 6293
7197 6293
7198 6293
7199 6293
7200 6293
7201 6293
7202 6293
7203 6293
7204 6293
7205 6293
7206 6293
7207 6293
7208 6293
7209 6293
7210 6293
7211 6293
7212 6293
7213 6293
7214 6293
7215 6293
7216 6293
7217 6293
7218 6293
7219 6293
7220 6293
7221 6293
7222 6293
7223 6293
7224 6293
7225 6293
7226 6293
7227 6293
7228 6293
7229 6293
7230 6293
7231 6293
7232 6293
7233 6293
7234 6293
7235 6293
7236 6293
7237 6293
7238 6293
7239 6293
7240 6293
7241 6293
7242 6293
7243 6293
7244 6293
7245 6293
7246 6293
7247 6293
7248 6293
7249 6293
7250 6293
7251 6293
7252 6293
7253 6293
7254 6293
7255 6293
7256 6293
7257 6293
7258 6293
7259 6293
7260 6293
7261 6293
7262 6293
7263 6293
7264 6293
7265 6293
7266 6293
7267 6293
7268 6293
7269 6293
7270 6293
7271 6293
7272 6293
7273 6293
7274 6293
7275 6293
7276 6293
7277 6293
7278 6293
7279 6293
7280 6293
7281 6293
7282 6293
7283 6293
7284 6293
7285 6293
7286 6293
7287 6293
7288 6293
7289 6293
7290 6293
7291 6293
7292 6293
7293 6293
7294 6293
7295 6293
7296 6293
7297 6293
7298 6293
7299 6293
7300 6293
7301 6293
7302 6293
7303 6293
7304 6293
7305 6293
7306 6293
7307 6293
7308 6293
7309 6293
7310 6293
7311 6293
7312 6293
7313 6293
7314 6293
7315 6293
7316 6293
7317 6293
7318 6293
7319 6293
7320 6293
7321 6293
7322 6293
7323 6293
7324 6293
7325 6293
7326 6293
7327 6293
7328 6293
7329 6293
7330 6293
7331 6293
7332 6293
7333 6293
7334 6293
7335 6293
7336 6293
7337 6293
7338 6293
7339 6293
7340 6293
7341 6293
7342 6293
7343 6293
7344 6293
7345 6293
7346 6293
7347 6293
7348 6293
7349 6293
7350 6293
7351 6293
7352 6293
7353 6293
7354 6293
7355 6293
7356 6293
7357 6293
7358 6293
7359 6293
7360 6293
7361 6293
7362 6293
7363 6293
7364 6293
7365 6293
7366 6293
7367 6293
7368 6293
7369 6293
7370 6293
7371 6293
7372 6293
7373 6293
7374 6293
7375 6293
7376 6293
7377 6293
7378 6293
7379 6293
7380 6293
7381 6293
7382 6293
7383 6293
7384 6293
7385 6293
7386 6293
7387 6293
7388 6293
7389 6293
7390 6293
7391 6293
7392 6293
7393 6293
7394 6293
7395 6293
7396 6293
7397 6293
7398 6293
7399 6293
7400 6293
7401 6293
7402 6293
7403 6293
7404 6293
7405 6293
7406 6293
7407 6293
7408 6293
7409 6293
7410 6293
7411 6293
7412 6293
7413 6293
7414 6293
7415 6293
7416 6293
7417 6293
7418 6293
7419 6293
7420 6293
7421 6293
7422 6293
7423 6293
7424 6293
7425 6293
7426 6293
7427 6293
7428 6293
7429 6293
7430 6293
7431 6293
7432 6293
7433 6293
7434 6293
7435 6293
7436 6293
7437 6293
7438 6293
7439 6293
7440 6293
7441 6293
7442 6293
7443 6293
7444 6293
7445 6293
7446 6293
7447 6293
7448 6293
7449 6293
7450 6293
7451 6293
7452 6293
7453 6293
7454 6293
7455 6293
7456 6293
7457 6293
7458 6293
7459 6293
7460 6293
7461 6293
7462 6293
7463 6293
7464 6293
7465 6293
7466 6293
7467 6293
7468 6293
7469 6293
7470 6293
7471 6293
7472 6293
7473 6293
7474 6293
7475 6293
7476 6293
7477 6293
7478 6293
7479 6293
7480 6293
7481 6293
7482 6293
7483 6293
7484 6293
7485 6293
7486 6293
7487 6293
7488 6293
7489 6293
7490 6293
7491 6293
7492 6293
7493 6293
7494 6293
7495 6293
7496 6293
7497 6293
7498 6293
7499 6293
7500 6293
7501 6293
7502 6293
7503 6293
7504 6293
7505 6293
7506 6293
7507 6293
7508 6293
7509 6293
7510 6293
7511 6293
7512 6293
7513 6293
7514 6293
7515 6293
7516 6293
7517 6293
7518 6293
7519 6293
7520 6293
7521 6293
7522 6293
7523 6293
7524 6293
7525 6293
7526 6293
7527 6293
7528 6293
7529 6293
7530 6293
7531 6293
7532 6293
7533 6293
7534 6293
7535 6293
7536 6293
7537 6293
7538 6293
7539 6293
7540 6293
7541 6293
7542 6293
7543 6293
7544 6293
7545 6293
7546 6293
7547 6293
7548 6293
7549 6293
7550 6293
7551 6293
7552 6293
7553 6293
7554 6293
7555 6293
7556 6293
7557 6293
7558 6293
7559 6293
7560 6293
7561 6293
7562 6293
7563 6293
7564 6293
7565 6293
7566 6293
7567 6293
7568 6293
7569 6293
7570 6293
7571 6293
7572 6293
7573 6293
7574 6293
7575 6293
7576 6293
7577 6293
7578 6293
7579 6293
7580 6293
7581 6293
7582 6293
7583 6293
7584 6293
7585 6293
7586 6293
7587 6293
7588 6293
7589 6293
7590 6293
7591 6293
7592 6293
7593 6293
7594 6293
7595 6293
7596 6293
7597 6293
7598 6293
7599 6293
7600 6293
7601 6293
7602 6293
7603 6293
7604 6293
7605 6293
7606 6293
7607 6293
7608 6293
7609 6293
7610 6293
7611 6293
7612 6293
7613 6293
7614 6293
7615 6293
7616 6293
7617 6293
7618 6293
7619 6293
7620 6293
7621 6293
7622 6293
7623 6293
7624 6293
7625 6293
7626 6293
7627 6293
7628 6293
7629 6293
7630 6293
7631 6293
7632 6293
7633 6293
7634 6293
7635 6293
7636 6293
7637 6293
7638 6293
7639 6293
7640 6293
7641 6293
7642 6293
7643 6293
7644 6293
7645 6293
7646 6293
7647 6293
7648 6293
7649 6293
7650 6293
7651 6293
7652 6293
7653 6293
7654 6293
7655 6293
7656 6293
7657 6293
7658 6293
7659 6293
7660 6293
7661 6293
7662 6293
7663 6293
7664 6293
7665 6293
7666 6293
7667 6293
7668 6293
7669 6293
7670 6293
7671 6293
7672 6293
7673 6293
7674 6293
7675 6293
7676 6293
7677 6293
7678 6293
7679 6293
7680 6293
7681 6293
7682 6293
7683 6293
7684 6293
7685 6293
7686 6293
7687 6293
7688 6293
7689 6293
7690 6293
7691 6293
7692 6293
7693 6293
7694 6293
7695 6293
7696 6293
7697 6293
7698 6293
7699 6293
7700 6293
7701 6293
7702 6293
7703 6293
7704 6293
7705 6293
7706 6293
7707 6293
7708 6293
7709 6293
7710 6293
7711 6293
7712 6293
7713 6293
7714 6293
7715 6293
7716 6293
7717 6293
7718 6293
7719 6293
7720 6293
7721 6293
7722 6293
7723 6293
7724 6293
7725 6293
7726 6293
7727 6293
7728 6293
7729 6293
7730 6293
7731 6293
7732 6293
7733 6293
7734 6293
7735 6293
7736 6293
7737 6293
7738 6293
7739 6293
7740 6293
7741 6293
7742 6293
7743 6293
7744 6293
7745 6293
7746 6293
7747 6293
7748 6293
7749 6293
7750 6293
7751 6293
7752 6293
7753 6293
7754 6293
7755 6293
7756 6293
7757 6293
7758 6293
7759 6293
7760 6293
7761 6293
7762 6293
7763 6293
7764 6293
7765 6293
7766 6293
7767 6293
7768 6293
7769 6293
7770 6293
7771 6293
7772 6293
7773 6293
7774 6293
7775 6293
7776 6293
7777 6293
7778 6293
7779 6293
7780 6293
7781 6293
7782 6293
7783 6293
7784 6293
7785 6293
7786 6293
7787 6293
7788 6293
7789 6293
7790 6293
7791 6293
7792 6293
7793 6293
7794 6293
7795 6293
7796 6293
7797 6293
7798 6293
7799 6293
7800 6293
7801 6293
7802 6293
7803 6293
7804 6293
7805 6293
7806 6293
7807 6293
7808 6293
7809 6293
7810 6293
7811 6293
7812 6293
7813 6293
7814 6293
7815 6293
7816 6293
7817 6293
7818 6293
7819 6293
7820 6293
7821 6293
7822 6293
7823 6293
7824 6293
7825 6293
7826 6293
7827 6293
7828 6293
7829 6293
7830 6293
7831 6293
7832 6293
7833 6293
7834 6293
7835 6293
7836 6293
7837 6293
7838 6293
7839 6293
7840 6293
7841 6293
7842 6293
7843 6293
7844 6293
7845 6293
7846 6293
7847 6293
7848 6293
7849 6293
7850 6293
7851 6293
7852 6293
7853 6293
7854 6293
7855 6293
7856 6293
7857 6293
7858 6293
7859 6293
7860 6293
7861 6293
7862 6293
7863 6293
7864 6293
7865 6293
7866 6293
7867 6293
7868 6293
7869 6293
7870 6293
7871 6293
7872 6293
7873 6293
7874 6293
7875 6293
7876 6293
7877 6293
7878 6293
7879 6293
7880 6293
7881 6293
7882 6293
7883 6293
7884 6293
7885 6293
7886 6293
7887 6293
7888 6293
7889 6293
7890 6293
7891 6293
7892 6293
7893 6293
7894 6293
7895 6293
7896 6293
7897 6293
7898 6293
7899 6293
7900 6293
7901 6293
7902 6293
7903 6293
7904 6293
7905 6293
7906 6293
7907 6293
7908 6293
7909 6293
7910 6293
7911 6293
7912 6293
7913 6293
7914 6293
7915 6293
7916 6293
7917 6293
7918 6293
7919 6293
7920 6293
7921 6293
7922 6293
7923 6293
7924 6293
7925 6293
7926 6293
7927 6293
7928 6293
7929 6293
7930 6293
7931 6293
7932 6293
7933 6293
7934 6293
7935 6293
7936 6293
7937 6293
7938 6293
7939 6293
7940 6293
7941 6293
7942 6293
7943 6293
7944 6293
7945 6293
7946 6293
7947 6293
7948 6293
7949 6293
7950 6293
7951 6293
7952 6293
7953 6293
7954 6293
7955 6293
7956 6293
7957 6293
7958 6293
7959 6293
7960 6293
7961 6293
7962 6293
7963 6293
7964 6293
7965 6293
7966 6293
7967 6293
7968 6293
7969 6293
7970 6293
7971 6293
7972 6293
7973 6293
7974 6293
7975 6293
7976 6293
7977 6293
7978 6293
7979 6293
7980 6293
7981 6293
7982 6293
7983 6293
7984 6293
7985 6293
7986 6293
7987 6293
7988 6293
7989 6293
7990 6293
7991 6293
7992 6293
7993 6293
7994 6293
7995 6293
7996 6293
7997 6293
7998 6293
7999 6293
