0 43
1 43
2 43
3 43
4 43
5 43
6 43
7 43
8 43
9 43
10 43
11 43
12 43
13 43
14 43
15 43
16 43
17 43
18 43
19 43
20 43
21 43
22 43
23 43
24 43
25 43
26 43
27 43
28 43
29 43
30 43
31 43
32 43
33 43
34 43
35 43
36 43
37 43
38 43
39 43
40 43
41 43
42 43
43 43
44 43
45 43
46 43
47 43
48 43
49 43
50 43
51 43
52 43
53 43
54 43
55 43
56 43
57 43
58 43
59 43
60 43
61 43
62 43
63 43
64 43
65 43
66 43
67 43
68 43
69 43
70 43
71 43
72 43
73 43
74 43
75 43
76 43
77 43
78 43
79 43
80 43
81 43
82 43
83 43
84 43
85 43
86 43
87 43
88 43
89 43
90 43
91 43
92 43
93 43
94 43
95 43
96 43
97 43
98 43
99 43
100 168
101 168
102 168
103 168
104 168
105 168
106 168
107 168
108 168
109 168
110 168
111 168
112 168
113 168
114 168
115 168
116 168
117 168
118 168
119 168
120 168
121 168
122 168
123 168
124 168
125 168
126 168
127 168
128 168
129 168
130 168
131 168
132 168
133 168
134 168
135 168
136 168
137 168
138 168
139 168
140 168
141 168
142 168
143 168
144 168
145 168
146 168
147 168
148 168
149 168
150 168
151 168
152 168
153 168
154 168
155 168
156 168
157 168
158 168
159 168
160 168
161 168
162 168
163 168
164 168
165 168
166 168
167 168
168 168
169 168
170 168
171 168
172 168
173 168
174 168
175 168
176 168
177 168
178 168
179 168
180 168
181 168
182 168
183 168
184 168
185 168
186 168
187 168
188 168
189 168
190 168
191 168
192 168
193 168
194 168
195 168
196 168
197 168
198 168
199 168
200 232
201 232
202 232
203 232
204 232
205 232
206 232
207 232
208 232
209 232
210 232
211 232
212 232
213 232
214 232
215 232
216 232
217 232
218 232
219 232
220 232
221 232
222 232
223 232
224 232
225 232
226 232
227 232
228 232
229 232
230 232
231 232
232 232
233 232
234 232
235 232
236 232
237 232
238 232
239 232
240 232
241 232
242 232
243 232
244 232
245 232
246 232
247 232
248 232
249 232
250 232
251 232
252 232
253 232
254 232
255 232
256 232
257 232
258 232
259 232
260 232
261 232
262 232
263 232
264 232
265 232
266 232
267 232
268 232
269 232
270 232
271 232
272 232
273 232
274 232
275 232
276 232
277 232
278 232
279 232
280 232
281 232
282 232
283 232
284 232
285 232
286 232
287 232
288 232
289 232
290 232
291 232
292 232
293 232
294 232
295 232
296 232
297 232
298 232
299 232
300 345
301 345
302 345
303 345
304 345
305 345
306 345
307 345
308 345
309 345
310 345
311 345
312 345
313 345
314 345
315 345
316 345
317 345
318 345
319 345
320 345
321 345
322 345
323 345
324 345
325 345
326 345
327 345
328 345
329 345
330 345
331 345
332 345
333 345
334 345
335 345
336 345
337 345
338 345
339 345
340 345
341 345
342 345
343 345
344 345
345 345
346 345
347 345
348 345
349 345
350 345
351 345
352 345
353 345
354 345
355 345
356 345
357 345
358 345
359 345
360 345
361 345
362 345
363 345
364 345
365 345
366 345
367 345
368 345
369 345
370 345
371 345
372 345
373 345
374 345
375 345
376 345
377 345
378 345
379 345
380 345
381 345
382 345
383 345
384 345
385 345
386 345
387 345
388 345
389 345
390 345
391 345
392 345
393 345
394 345
395 345
396 345
397 345
398 345
399 345
