0 0
1 1
2 2
3 3
4 2
5 2
6 3
7 2
8 2
9 4
10 3
11 0
12 1
13 4
14 4
15 0
16 4
17 1
18 2
19 2
20 1
21 4
22 4
23 4
24 1
25 2
26 2
27 4
28 1
29 0
30 2
31 0
32 0
33 0
34 0
35 0
36 4
37 4
38 1
39 0
40 2
41 2
42 0
43 4
44 0
45 1
46 0
47 4
48 2
49 2
50 0
51 0
52 2
53 4
54 4
55 1
56 3
57 0
58 2
59 0
60 4
61 2
62 4
63 0
64 0
65 2
66 0
67 4
68 1
69 0
70 2
71 2
72 2
73 0
74 1
75 0
76 2
77 0
78 0
79 2
80 1
81 1
82 4
83 1
84 2
85 2
86 0
87 4
88 2
89 0
90 4
91 0
92 1
93 4
94 2
95 2
96 2
97 0
98 1
99 4
100 0
101 1
102 2
103 1
104 0
105 1
106 2
107 2
108 1
109 4
110 3
111 4
112 4
113 4
114 1
115 1
116 2
117 3
118 2
119 2
120 1
121 1
122 3
123 2
124 0
125 2
126 4
127 0
128 1
129 4
130 4
131 4
132 3
133 2
134 3
135 1
136 3
137 1
138 1
139 1
140 3
141 0
142 4
143 1
144 4
145 2
146 4
147 1
148 3
149 3
150 1
151 3
152 2
153 1
154 3
155 4
156 2
157 1
158 2
159 2
160 1
161 4
162 1
163 1
164 2
165 2
166 1
167 4
168 1
169 2
170 2
171 4
172 2
173 3
174 4
175 4
176 4
177 3
178 0
179 0
180 3
181 4
182 2
183 1
184 4
185 4
186 4
187 1
188 0
189 4
190 2
191 1
192 4
193 1
194 2
195 1
196 1
197 1
198 4
199 4
200 1
201 1
202 3
203 3
204 2
205 1
206 3
207 1
208 3
209 3
210 3
211 1
212 4
213 3
214 4
215 3
216 1
217 4
218 2
219 0
220 3
221 1
222 1
223 4
224 3
225 3
226 0
227 3
228 2
229 3
230 3
231 2
232 3
233 4
234 1
235 3
236 0
237 1
238 1
239 3
240 3
241 2
242 1
243 1
244 1
245 4
246 3
247 2
248 3
249 3
250 2
251 1
252 1
253 3
254 4
255 3
256 4
257 3
258 2
259 1
260 3
261 2
262 1
263 0
264 3
265 2
266 1
267 3
268 3
269 4
270 3
271 0
272 4
273 1
274 4
275 1
276 3
277 0
278 0
279 0
280 2
281 3
282 3
283 3
284 3
285 4
286 2
287 1
288 1
289 3
290 1
291 3
292 1
293 3
294 3
295 4
296 2
297 3
298 3
299 2
300 1
301 4
302 3
303 1
304 0
305 4
306 1
307 1
308 0
309 3
310 0
311 1
312 0
313 0
314 4
315 4
316 4
317 1
318 3
319 1
320 0
321 3
322 2
323 1
324 4
325 1
326 3
327 1
328 0
329 1
330 1
331 0
332 1
333 4
334 3
335 1
336 1
337 1
338 1
339 0
340 4
341 2
342 4
343 4
344 3
345 0
346 1
347 1
348 3
349 0
350 3
351 1
352 2
353 3
354 3
355 1
356 1
357 0
358 1
359 3
360 3
361 4
362 0
363 0
364 1
365 1
366 1
367 3
368 2
369 1
370 0
371 4
372 1
373 1
374 1
375 4
376 0
377 4
378 3
379 3
380 1
381 4
382 0
383 1
384 1
385 0
386 2
387 1
388 1
389 3
390 2
391 0
392 4
393 0
394 1
395 1
396 1
397 4
398 1
399 0
