0 0
1 0
2 1
3 2
4 3
5 4
6 2
7 4
8 2
9 0
10 5
11 6
12 6
13 6
14 1
15 5
16 4
17 5
18 2
19 2
20 2
21 4
22 2
23 4
24 1
25 0
26 2
27 3
28 2
29 3
30 4
31 7
32 4
33 6
34 4
35 3
36 0
37 2
38 4
39 2
40 2
41 4
42 4
43 3
44 4
45 0
46 3
47 4
48 3
49 2
50 2
51 3
52 3
53 0
54 0
55 0
56 3
57 1
58 5
59 2
60 3
61 0
62 7
63 2
64 3
65 3
66 6
67 5
68 2
69 1
70 3
71 1
72 0
73 0
74 1
75 1
76 0
77 6
78 0
79 2
80 2
81 7
82 7
83 0
84 7
85 2
86 6
87 3
88 2
89 0
90 4
91 0
92 3
93 4
94 6
95 6
96 2
97 3
98 7
99 7
100 2
101 0
102 2
103 4
104 1
105 5
106 4
107 2
108 0
109 6
110 6
111 5
112 6
113 1
114 4
115 2
116 0
117 2
118 4
119 7
120 0
121 1
122 6
123 1
124 4
125 6
126 5
127 7
128 0
129 4
130 7
131 2
132 4
133 7
134 7
135 2
136 4
137 3
138 4
139 6
140 4
141 6
142 1
143 5
144 2
145 5
146 0
147 1
148 1
149 4
150 5
151 3
152 1
153 3
154 3
155 0
156 3
157 4
158 7
159 4
160 3
161 0
162 2
163 6
164 6
165 0
166 4
167 3
168 4
169 2
170 6
171 6
172 3
173 1
174 1
175 6
176 0
177 3
178 6
179 6
180 2
181 6
182 3
183 7
184 0
185 7
186 7
187 3
188 4
189 4
190 2
191 0
192 6
193 5
194 6
195 4
196 2
197 2
198 4
199 0
200 0
201 2
202 6
203 4
204 0
205 7
206 4
207 0
208 7
209 4
210 6
211 2
212 4
213 4
214 4
215 6
216 5
217 0
218 2
219 4
220 2
221 0
222 2
223 0
224 0
225 6
226 0
227 4
228 4
229 7
230 4
231 6
232 1
233 5
234 2
235 3
236 3
237 6
238 7
239 6
240 2
241 0
242 2
243 4
244 5
245 4
246 4
247 4
248 5
249 0
250 1
251 6
252 6
253 6
254 4
255 3
256 2
257 4
258 6
259 6
260 2
261 1
262 2
263 2
264 2
265 0
266 7
267 6
268 0
269 0
270 1
271 2
272 2
273 3
274 6
275 5
276 5
277 6
278 0
279 0
280 2
281 7
282 6
283 3
284 1
285 0
286 0
287 6
288 1
289 0
290 3
291 7
292 7
293 3
294 6
295 4
296 3
297 2
298 4
299 6
300 2
301 1
302 2
303 6
304 2
305 2
306 6
307 5
308 2
309 2
310 2
311 5
312 4
313 7
314 0
315 0
316 4
317 6
318 2
319 6
320 3
321 7
322 3
323 5
324 1
325 0
326 4
327 3
328 4
329 0
330 0
331 1
332 3
333 1
334 0
335 2
336 5
337 3
338 3
339 6
340 6
341 6
342 2
343 4
344 2
345 7
346 2
347 0
348 5
349 4
350 2
351 5
352 2
353 7
354 0
355 2
356 3
357 2
358 0
359 1
360 4
361 7
362 0
363 2
364 1
365 0
366 6
367 3
368 1
369 4
370 2
371 7
372 2
373 0
374 0
375 3
376 6
377 2
378 6
379 6
380 6
381 0
382 6
383 4
384 4
385 7
386 2
387 2
388 6
389 7
390 4
391 5
392 6
393 3
394 7
395 1
396 4
397 4
398 2
399 5
